6 1 400 327
7 1 399 326
8 1 399 324
9 1 398 323
10 1 396 322
11 1 394 301
12 1 393 297
13 1 392 295
14 1 391 291
15 1 390 289
16 1 387 279
17 1 386 275
18 1 385 273
19 1 385 271
20 1 384 267
21 1 377 306
21 3 370 26
22 1 375 307
22 3 367 25
23 1 373 309
23 3 365 24
24 1 371 310
24 3 362 24
25 1 369 311
25 3 359 25
26 1 355 301
26 3 324 3
27 1 352 301
27 3 317 1
28 1 349 301
28 3 310 0
29 1 345 301
29 3 304 -2
30 1 344 301
30 3 298 -4
31 1 327 282
31 3 294 -19
32 1 323 280
32 3 289 -21
33 1 319 278
33 3 284 -24
34 1 315 276
34 3 280 -26
35 1 312 274
35 3 276 -28
36 1 313 269
36 3 259 -23
37 1 310 267
37 3 254 -25
38 1 307 266
38 3 249 -26
39 1 305 263
39 3 246 -27
40 1 302 261
40 3 242 -28
41 1 306 235
41 3 238 -24
42 1 305 232
42 3 235 -25
43 1 304 229
43 3 232 -26
44 1 302 225
44 3 230 -26
45 1 301 222
45 3 227 -27
46 1 311 210
46 3 210 -22
47 1 312 207
47 3 206 -21
48 1 312 203
48 3 201 -21
49 1 312 200
49 3 198 -21
50 1 313 197
50 3 194 -21
51 1 316 182
51 3 179 -13
52 1 317 178
52 3 174 -12
53 1 318 174
53 3 169 -11
54 1 319 171
54 3 165 -10
55 1 320 167
55 3 161 -10
56 1 314 142
56 3 157 -7
57 1 313 137
57 3 154 -6
58 1 313 132
58 3 151 -5
59 1 313 127
59 3 147 -4
60 1 313 123
60 3 145 -4
61 1 306 111
61 3 147 -2
61 5 428 117
62 1 305 107
62 3 145 -1
62 5 427 118
63 1 304 102
63 3 143 -1
63 5 425 118
64 1 302 98
64 3 141 -1
64 5 424 119
65 1 301 94
65 3 140 0
65 5 423 119
66 1 300 59
66 3 148 0
66 5 418 97
67 1 299 54
67 3 148 0
67 5 416 95
68 1 298 48
68 3 147 0
68 5 415 93
69 1 297 42
69 3 147 0
69 5 413 91
70 1 297 37
70 3 147 0
70 5 412 89
71 1 304 22
71 3 147 1
71 5 411 83
72 1 304 17
72 3 147 1
72 5 410 81
73 1 304 12
73 3 147 1
73 5 409 79
74 1 304 7
74 3 147 1
74 5 408 77
75 1 305 2
75 3 146 1
75 5 407 75
76 1 302 -13
76 5 394 59
77 1 301 -18
77 5 391 57
78 1 301 -22
78 5 388 53
79 1 301 -27
79 5 386 50
80 1 301 -31
80 5 383 48
81 1 288 -31
81 5 368 42
82 1 285 -35
82 5 363 40
83 1 283 -37
83 5 359 38
84 1 281 -41
84 5 356 36
85 1 280 -44
85 5 352 34
86 1 266 -38
86 5 342 34
86 6 214 801
87 1 263 -40
87 5 338 32
87 6 214 801
88 1 260 -41
88 5 334 31
88 6 214 801
89 1 257 -42
89 5 330 29
89 6 214 801
90 1 255 -44
90 5 326 28
90 6 214 801
91 1 247 -37
91 5 317 12
91 6 214 798
92 1 244 -38
92 5 313 10
92 6 214 798
93 1 241 -38
93 5 309 7
93 6 214 798
94 1 238 -39
94 5 305 5
94 6 214 798
95 1 235 -40
95 5 302 3
95 6 214 798
96 1 234 -35
96 5 300 -12
96 6 215 801
97 1 232 -36
97 5 298 -14
97 6 215 801
98 1 230 -36
98 5 295 -17
98 6 215 801
99 1 227 -37
99 5 293 -20
99 6 215 801
100 1 225 -37
100 5 291 -23
100 6 215 801
101 1 208 -26
101 5 284 -21
101 6 215 801
102 1 204 -26
102 5 282 -23
102 6 215 801
103 1 201 -26
103 5 280 -24
103 6 215 801
104 1 197 -25
104 5 278 -26
104 6 215 801
105 1 194 -25
105 5 276 -28
105 6 215 801
106 1 191 -25
106 5 254 -19
106 6 215 801
107 1 188 -25
107 5 249 -19
107 6 215 801
108 1 185 -25
108 5 245 -19
108 6 215 801
109 1 183 -24
109 5 241 -19
109 6 215 801
110 1 180 -24
110 5 238 -20
110 6 215 801
111 1 153 -3
111 5 226 -16
111 6 215 801
112 1 148 -2
112 5 221 -15
112 6 215 801
113 1 144 0
113 5 217 -15
113 6 215 801
114 1 140 0
114 5 214 -15
114 6 215 801
115 1 136 2
115 5 210 -14
115 6 215 801
116 1 132 3
116 5 207 -15
116 6 214 801
117 1 128 4
117 5 204 -14
117 6 214 801
118 1 124 5
118 5 200 -14
118 6 214 801
119 1 120 7
119 5 197 -14
119 6 214 801
120 5 194 -14
120 6 214 801
121 5 161 -2
121 6 214 798
122 5 155 -1
122 6 214 798
123 5 149 0
123 6 214 798
124 5 143 0
124 6 214 798
125 5 138 1
125 6 214 798
126 5 143 4
126 6 213 797
127 5 139 4
127 6 213 797
128 5 136 5
128 6 213 797
129 5 132 6
129 6 213 797
130 5 129 6
130 6 213 797
131 5 126 7
131 6 213 797
132 5 123 8
132 6 213 797
133 5 120 8
133 6 213 797
134 5 117 9
134 6 213 797
135 5 115 10
135 6 213 797
136 6 213 794
137 6 213 794
138 6 213 794
139 6 213 794
140 6 213 794
141 6 213 794
142 6 213 794
143 6 213 794
144 6 213 794
145 6 213 794
146 6 213 794
147 6 213 794
148 6 213 794
149 6 213 794
150 6 213 794
151 6 213 794
152 6 213 794
153 6 213 794
154 6 213 794
155 6 213 794
156 6 213 794
157 6 213 794
158 6 213 794
159 6 213 794
160 6 213 794
161 6 213 794
162 6 213 794
163 6 213 794
164 6 213 794
165 6 213 794
166 6 213 797
166 3 129 24
167 6 213 797
167 3 129 24
168 6 213 797
168 3 129 24
169 6 213 797
169 3 130 24
170 6 213 797
170 3 130 24
171 6 213 797
171 3 133 20
172 6 213 797
172 3 133 21
173 6 213 797
173 3 133 22
174 6 213 797
174 3 132 23
175 6 213 797
175 3 132 24
176 6 213 800
176 3 145 13
177 6 213 800
177 3 147 13
178 6 213 800
178 3 149 12
179 6 213 800
179 3 151 11
180 6 213 800
180 3 152 11
181 6 213 800
181 3 172 0
182 6 213 800
182 3 176 -1
183 6 213 800
183 3 181 -2
184 6 213 800
184 3 185 -4
185 6 213 800
185 3 189 -6
186 6 213 800
186 3 192 -7
187 6 213 800
187 3 196 -8
188 6 213 800
188 3 200 -10
189 6 213 800
189 3 203 -11
190 6 213 800
190 3 206 -12
191 6 213 800
191 3 221 -15
192 6 213 800
192 3 226 -17
193 6 213 800
193 3 230 -18
194 6 213 800
194 3 234 -20
195 6 213 800
195 3 238 -21
196 6 213 797
196 3 253 -25
197 6 213 797
197 3 258 -26
198 6 213 797
198 3 264 -28
199 6 213 797
199 3 268 -29
200 6 213 797
200 3 273 -31
201 6 213 797
201 3 278 -24
202 6 213 797
202 3 284 -25
203 6 213 797
203 3 289 -25
204 6 213 797
204 3 294 -26
205 6 213 797
205 3 298 -26
206 6 212 804
206 3 312 -22
207 6 212 804
207 3 317 -22
208 6 212 804
208 3 323 -22
209 6 212 804
209 3 327 -22
210 6 212 804
210 3 331 -21
211 6 212 800
211 3 342 -4
212 6 212 800
212 3 349 -3
213 6 212 800
213 3 355 -1
214 6 212 800
214 3 361 0
215 6 212 800
215 3 365 1
216 6 212 800
216 3 370 5
217 6 212 800
217 3 375 7
218 6 212 800
218 3 380 9
219 6 212 800
219 3 384 11
220 6 212 800
220 3 389 12
221 6 212 800
221 3 397 21
222 6 212 800
222 3 403 24
223 6 212 800
223 3 408 26
224 6 212 800
224 3 412 29
225 6 212 800
225 3 416 31
226 6 212 797
226 3 419 33
227 6 212 797
227 3 423 36
228 6 212 797
228 3 426 38
229 6 212 797
229 3 429 41
230 6 212 797
230 3 433 43
231 6 212 797
232 6 212 797
233 6 212 797
234 6 212 797
235 6 212 797
236 6 213 797
237 6 213 797
238 6 213 797
239 6 213 797
240 6 213 797
241 6 213 797
242 6 213 797
243 6 213 797
244 6 213 797
245 6 213 797
246 6 213 797
247 6 213 797
248 6 213 797
249 6 213 797
250 6 213 797
251 6 213 797
252 6 213 797
253 6 213 797
254 6 213 797
255 6 213 797
256 6 213 797
256 5 153 3
257 6 213 797
257 5 153 3
258 6 213 797
258 5 153 3
259 6 213 797
259 5 153 3
260 6 213 797
260 5 153 4
261 6 213 800
261 5 162 0
262 6 213 800
262 5 162 1
263 6 213 800
263 5 163 1
264 6 213 800
264 5 164 1
265 6 213 800
265 5 165 2
266 6 213 800
266 5 198 -9
267 6 213 800
267 5 204 -10
268 6 213 800
268 5 209 -11
269 6 213 800
269 5 214 -13
270 6 213 800
270 5 219 -14
271 6 213 800
271 5 225 -16
272 6 213 800
272 5 230 -17
273 6 213 800
273 5 235 -18
274 6 213 800
274 5 239 -19
275 6 213 800
275 5 244 -20
276 6 213 800
276 5 256 -23
277 6 213 800
277 5 261 -24
278 6 213 800
278 5 266 -25
279 6 213 800
279 5 271 -26
280 6 213 800
280 5 276 -28
281 6 212 800
281 5 283 -31
282 6 212 800
282 5 288 -32
283 6 212 800
283 5 293 -33
284 6 212 800
284 5 298 -34
285 6 212 800
285 5 302 -35
286 6 212 803
286 5 299 -37
287 6 212 803
287 5 302 -38
288 6 212 803
288 5 305 -39
289 6 212 803
289 5 308 -39
290 6 212 803
290 5 311 -40
291 6 212 803
291 5 309 -30
292 6 212 803
292 5 311 -30
293 6 212 803
293 5 313 -29
294 6 212 803
294 5 314 -29
295 6 212 803
295 5 316 -28
296 6 212 804
296 5 318 -21
297 6 212 804
297 5 319 -20
298 6 212 804
298 5 321 -19
299 6 212 804
299 5 322 -18
300 6 212 804
300 5 324 -17
301 6 212 800
301 5 329 -1
302 6 212 800
302 5 331 0
303 6 212 800
303 5 332 3
304 6 212 797
304 5 334 5
305 6 212 797
305 5 335 7
306 6 212 797
306 5 340 15
307 6 212 797
307 5 341 18
308 6 212 797
308 5 343 20
309 6 211 796
309 5 345 23
310 6 211 796
310 5 347 25
311 6 211 796
311 5 342 27
312 6 211 796
312 5 343 29
313 6 211 796
313 5 343 31
314 6 211 796
314 5 344 34
315 6 211 796
315 5 344 36
316 6 211 800
316 5 337 58
317 6 211 800
317 5 335 62
318 6 211 800
318 5 335 66
319 6 211 800
319 5 334 70
320 6 211 800
320 5 333 74
321 6 212 797
321 5 335 79
322 6 213 797
322 5 334 83
323 6 213 797
323 5 334 86
324 6 213 797
324 5 333 90
325 6 214 798
325 5 333 93
326 6 213 800
326 5 339 106
327 6 213 800
327 5 340 111
328 6 213 800
328 5 341 116
329 6 213 800
329 5 342 120
330 6 213 800
330 5 342 125
331 6 213 800
331 5 351 159
332 6 213 800
332 5 354 168
333 6 213 800
333 5 356 176
334 6 213 800
334 5 357 184
335 6 213 800
335 5 359 191
336 6 213 797
336 5 358 203
337 6 213 797
337 5 359 211
338 6 213 797
338 5 360 220
339 6 213 797
339 5 361 227
340 6 213 797
340 5 362 235
341 6 213 797
341 5 353 233
342 6 213 797
342 5 352 240
343 6 213 797
343 5 352 246
344 6 213 797
344 5 351 254
345 6 213 797
345 5 350 260
346 5 346 272
347 5 345 279
348 5 344 285
349 5 343 292
350 5 342 298
351 5 345 294
352 5 345 299
353 5 346 304
354 5 346 310
355 5 345 314
356 5 358 320
357 5 360 325
358 5 362 331
359 5 364 335
360 5 366 340
361 5 377 365
362 5 380 373
363 5 384 379
364 5 386 385
365 5 389 392
366 5 390 382
367 5 393 389
368 5 395 394
369 5 397 399
370 5 400 404
371 6 215 791
371 5 397 429
372 6 215 791
372 5 399 437
373 6 215 791
373 5 400 444
374 6 215 791
374 5 401 451
375 6 215 791
375 5 402 457
376 6 215 791
376 5 405 471
377 6 215 791
377 5 405 479
378 6 215 791
378 5 407 487
379 6 215 791
379 5 408 493
380 6 215 791
380 5 409 502
381 6 215 791
381 5 416 498
381 8 149 8
382 6 215 791
382 5 419 503
382 8 150 8
383 6 215 791
383 5 420 510
383 8 151 7
384 6 215 791
384 5 423 514
384 8 152 7
385 6 215 791
385 5 424 521
385 8 152 6
386 6 215 791
386 5 447 543
386 8 159 5
387 6 215 791
387 5 452 548
387 8 160 5
388 6 215 791
388 5 458 557
388 8 161 4
389 6 215 791
389 5 462 565
389 8 162 4
390 6 215 791
390 5 466 570
390 8 164 4
391 6 214 790
391 5 467 573
391 8 191 -3
392 6 214 790
392 5 470 578
392 8 196 -5
393 6 214 790
393 5 474 584
393 8 202 -6
394 6 214 790
394 5 476 590
394 8 206 -7
395 6 214 790
395 5 479 595
395 8 209 -9
396 6 214 790
396 5 474 594
396 8 221 -14
397 6 214 790
397 5 475 597
397 8 226 -15
398 6 214 790
398 5 476 603
398 8 231 -16
399 6 214 790
399 5 478 608
399 8 234 -18
400 6 214 790
400 5 479 614
400 8 239 -19
401 6 214 790
401 5 484 640
401 8 252 -23
402 6 214 790
402 5 487 649
402 8 258 -25
403 6 214 790
403 5 488 655
403 8 264 -26
404 6 214 790
404 5 490 661
404 8 269 -28
405 6 214 790
405 5 491 668
405 8 274 -29
406 5 499 685
406 8 282 -32
407 5 501 691
407 8 287 -33
408 5 503 698
408 8 292 -35
409 5 504 705
409 8 296 -36
410 5 507 712
410 8 301 -37
411 5 520 716
411 8 305 -25
412 5 523 723
412 8 310 -25
413 5 527 731
413 8 314 -25
414 5 529 735
414 8 318 -25
415 5 533 743
415 8 322 -25
416 5 537 748
416 8 325 -20
417 5 539 755
417 8 329 -20
418 5 542 760
418 8 332 -20
419 5 546 768
419 8 335 -19
420 5 548 772
420 8 338 -19
421 6 212 797
421 8 335 -7
422 6 212 797
422 8 336 -6
423 6 212 797
423 8 338 -4
424 6 212 797
424 8 340 -2
425 6 212 797
425 8 341 -1
426 6 212 797
426 8 345 22
427 6 212 797
427 8 347 26
428 6 212 797
428 8 349 30
429 6 212 797
429 8 350 34
430 6 212 797
430 8 352 38
431 6 212 797
431 8 360 45
432 6 212 797
432 8 363 48
433 6 212 797
433 8 365 53
434 6 212 797
434 8 368 57
435 6 212 797
435 8 370 60
436 6 212 797
436 8 379 71
437 6 212 797
437 8 382 75
438 6 212 797
438 8 385 80
439 6 212 797
439 8 388 85
440 6 212 797
440 8 391 89
441 6 212 797
441 8 394 117
442 6 212 797
442 8 396 124
443 6 212 797
443 8 398 130
444 6 212 797
444 8 400 137
445 6 212 797
445 8 402 144
446 6 212 797
446 8 403 156
447 6 212 797
447 8 405 163
448 6 212 797
448 8 406 170
449 6 212 797
449 8 408 176
450 6 212 797
450 8 409 183
451 6 213 797
451 8 405 198
452 6 213 797
452 8 404 205
453 6 213 797
453 8 404 212
454 6 213 797
454 8 405 220
455 6 213 797
455 8 405 226
456 6 213 797
456 8 402 236
457 6 213 797
457 8 401 242
458 6 213 797
458 8 401 250
459 6 213 797
459 8 401 257
460 6 213 797
460 8 401 263
461 6 213 800
461 8 401 257
462 6 213 800
462 8 400 261
463 6 213 800
463 8 401 267
464 6 213 800
464 8 401 271
465 6 213 800
465 8 401 276
466 6 213 800
466 8 401 269
467 6 213 800
467 8 400 273
468 6 213 800
468 8 401 276
469 6 213 800
469 8 401 280
470 6 213 800
470 8 401 283
471 8 405 307
472 8 406 314
473 8 406 319
474 8 407 324
475 8 408 330
476 8 401 341
477 8 401 347
478 8 400 353
479 8 400 358
480 8 398 364
481 8 393 366
482 8 391 370
483 8 390 376
484 8 388 381
485 8 387 385
486 8 385 414
487 8 383 421
488 8 381 428
489 8 380 435
490 8 379 443
491 8 379 444
492 8 378 451
493 8 378 458
494 8 377 462
495 8 377 467
496 8 381 453
497 8 381 458
498 8 381 460
499 8 382 464
500 8 383 468
501 8 385 482
502 8 386 486
503 8 386 490
504 8 386 494
505 8 387 498
506 8 382 518
507 8 381 525
508 8 381 531
509 8 380 535
510 8 380 540
511 8 384 547
512 8 385 552
513 8 385 557
514 8 386 564
515 8 386 568
516 8 389 586
517 8 389 594
518 8 391 599
519 8 391 607
520 8 393 612
521 8 401 633
522 8 403 639
523 8 404 647
524 8 407 654
525 8 408 660
526 8 411 663
527 8 412 666
528 8 415 673
529 8 416 679
530 8 418 686
531 8 426 694
532 8 429 701
533 8 431 708
534 8 434 712
535 8 437 719
536 8 453 747
537 8 456 755
538 8 461 764
539 8 465 772
540 8 469 781
541 8 472 785
542 8 477 794
543 8 478 799
544 8 482 807
545 8 485 812
546 8 486 805
547 8 488 809
548 8 491 818
549 8 493 823
550 8 495 827
551 8 501 834
552 8 505 839
553 8 507 844
554 8 509 848
555 8 511 853
556 8 518 872
557 8 520 877
558 8 524 883
559 8 526 888
560 8 528 893
561 8 531 903
562 8 534 909
563 8 536 914
564 8 538 919
565 8 541 925
566 8 538 919
567 8 541 925
568 8 541 930
569 8 544 935
570 8 544 935
571 8 550 938
572 8 552 939
573 8 554 945
574 8 556 945
575 8 558 951
576 8 558 951
576 6 213 800
577 8 561 957
577 6 213 800
578 8 562 958
578 6 213 800
579 8 563 963
579 6 213 800
580 8 565 963
580 6 213 800
581 6 213 800
582 6 213 800
583 6 213 800
584 6 213 800
585 6 213 800
586 6 213 800
587 6 213 800
588 6 213 800
589 6 213 800
590 6 213 800
591 6 213 800
592 6 213 800
593 6 213 800
594 6 213 800
595 6 213 800
596 6 213 800
597 6 213 800
598 6 213 800
599 6 213 800
600 6 213 800
601 6 212 804
602 6 212 804
603 6 212 804
604 6 212 804
605 6 212 804
606 6 212 807
607 6 212 807
608 6 212 807
609 6 212 807
610 6 212 807
611 6 212 807
612 6 212 807
613 6 212 807
614 6 212 807
615 6 212 807
616 6 212 807
617 6 212 807
618 6 212 807
619 6 212 807
620 6 212 807
621 6 212 804
622 6 212 804
623 6 212 804
624 6 212 804
625 6 212 804
626 6 212 804
627 6 213 800
628 6 213 800
629 6 213 800
630 6 213 800
631 6 213 800
632 6 213 800
633 6 213 800
634 6 213 800
635 6 213 800
636 6 213 800
637 6 213 800
638 6 213 800
639 6 213 800
640 6 213 800
641 6 214 801
642 6 214 801
643 6 214 801
644 6 214 801
645 6 214 801
646 6 214 801
646 3 452 314
647 6 214 801
647 3 452 311
648 6 214 801
648 3 453 310
649 6 214 801
649 3 453 310
650 6 214 801
650 3 452 310
651 6 214 801
651 3 451 295
652 6 214 801
652 3 452 298
653 6 214 801
653 3 453 300
654 6 214 801
654 3 454 302
655 6 214 801
655 3 454 303
656 6 215 801
656 3 422 298
657 6 215 801
657 3 417 299
658 6 215 801
658 3 413 299
659 6 215 801
659 3 409 301
660 6 215 801
660 3 403 302
661 6 215 801
661 3 386 297
662 6 215 801
662 3 380 297
663 6 215 801
663 3 375 297
664 6 215 801
664 3 369 297
665 6 215 801
665 3 365 298
666 3 366 304
667 3 361 304
668 3 358 305
669 3 355 306
670 3 352 306
671 3 345 316
672 3 342 318
673 3 339 319
674 3 336 320
675 3 334 321
676 3 337 321
677 3 336 323
678 3 335 324
679 3 334 324
680 3 333 325
681 3 341 329
682 3 342 331
683 3 342 331
684 3 343 332
685 3 344 333
686 3 351 361
687 3 352 364
688 3 354 368
689 3 355 371
690 3 356 374
691 3 361 390
692 3 362 393
693 3 363 396
694 3 365 400
695 3 367 403
696 3 359 409
697 3 359 412
698 3 359 416
699 3 358 419
700 3 358 422
701 3 352 427
702 3 350 430
703 3 349 435
704 3 348 437
705 3 347 438
706 3 350 473
707 3 349 479
708 3 349 485
709 3 349 489
710 3 349 494
711 3 352 501
712 3 353 505
713 3 353 509
714 3 354 516
715 3 354 520
716 3 362 547
717 3 363 554
718 3 365 562
719 3 366 569
720 3 368 577
721 3 376 611
722 3 378 619
723 3 381 630
724 3 383 639
725 3 385 648
726 3 392 658
727 3 394 667
728 3 397 677
729 3 400 686
730 3 401 696
731 3 399 692
732 3 401 699
733 3 402 708
734 3 404 715
735 3 406 722
736 3 405 741
737 3 405 748
738 3 406 755
739 3 407 762
740 3 408 769
741 3 417 783
742 3 420 791
743 3 422 799
744 3 424 807
745 3 426 815
746 3 435 827
747 3 439 836
748 3 441 844
749 3 444 850
750 3 447 859
751 3 454 862
752 3 456 871
753 3 459 876
754 3 463 882
755 3 464 887
756 3 465 879
757 3 468 880
758 3 470 885
759 3 471 890
760 3 473 895
761 3 466 888
762 3 466 888
763 3 466 892
764 3 466 892
765 3 467 896
766 3 471 890
767 3 473 891
768 3 474 891
769 3 475 896
770 3 475 896
771 3 485 892
772 3 487 892
773 3 489 894
774 3 491 894
775 3 492 895
776 3 493 899
777 3 494 900
778 3 496 901
779 3 496 901
780 3 497 901
781 3 505 896
782 3 508 897
783 3 509 898
784 3 511 899
785 3 512 899
786 3 511 874
787 3 514 871
788 3 515 871
789 3 516 867
790 3 517 864
791 3 521 857
792 3 523 854
793 3 524 850
794 3 526 847
795 3 528 848
796 3 537 843
797 3 540 841
798 3 543 842
799 3 546 839
800 3 548 840
801 3 551 837
801 6 213 797
802 3 554 838
802 6 213 797
803 3 556 835
803 6 213 797
804 3 559 836
804 6 213 797
805 3 560 832
805 6 213 797
806 6 213 797
807 6 213 797
808 6 213 797
809 6 213 797
810 6 213 797
811 6 213 797
812 6 213 797
813 6 213 797
814 6 213 797
815 6 213 797
816 6 213 797
817 6 213 797
818 6 213 797
819 6 213 797
820 6 213 797
821 6 213 797
822 6 213 797
823 6 213 797
824 6 213 797
825 6 213 797
826 6 213 797
827 6 213 797
828 6 213 797
829 6 213 797
830 6 213 797
831 6 213 797
832 6 213 797
833 6 213 797
834 6 213 797
835 6 213 797
836 6 213 797
837 6 213 797
838 6 213 797
839 6 213 797
840 6 213 797
841 6 214 801
842 6 214 801
843 6 214 801
844 6 214 801
845 6 214 801
846 6 214 801
847 6 214 801
848 6 214 801
849 6 214 801
850 6 214 801
851 6 214 801
851 5 557 820
852 6 214 801
852 5 557 820
853 6 214 801
853 5 557 820
854 6 214 801
854 5 557 820
855 6 214 801
855 5 557 820
856 6 214 801
856 5 556 816
857 6 214 801
857 5 556 816
858 6 214 801
858 5 556 816
859 6 214 801
859 5 556 816
860 6 214 801
860 5 556 816
861 6 213 804
861 5 544 747
862 6 213 804
862 5 544 743
863 6 213 804
863 5 542 736
864 6 213 804
864 5 541 732
865 6 213 804
865 5 541 726
866 6 213 804
866 5 543 726
867 6 213 804
867 5 543 723
868 6 213 804
868 5 544 720
869 6 213 804
869 5 543 716
870 6 213 804
870 5 543 710
871 6 213 804
871 5 543 706
872 6 213 804
872 5 542 703
873 6 213 804
873 5 543 700
874 6 213 804
874 5 542 697
875 6 213 804
875 5 543 694
876 6 213 804
877 6 213 804
878 6 213 804
879 6 213 804
880 6 213 804
881 6 214 801
882 6 214 801
883 6 214 801
884 6 214 801
885 6 214 801
886 6 214 798
887 6 214 798
888 6 214 798
889 6 214 798
890 6 214 798
891 6 214 798
892 6 214 798
893 6 214 798
894 6 214 798
895 6 214 798
896 6 214 798
897 6 214 798
898 6 214 798
899 6 214 798
900 6 214 798
901 6 214 801
902 6 214 801
903 6 214 801
904 6 214 801
905 6 214 801
906 6 214 801
907 6 214 801
908 6 214 801
909 6 214 801
910 6 214 801
911 6 213 804
912 6 213 804
913 6 213 804
914 6 213 804
915 6 213 804
916 6 213 804
917 6 213 804
918 6 213 804
919 6 213 804
920 6 213 804
921 6 213 804
922 6 213 804
923 6 213 804
924 6 213 804
925 6 213 804
926 6 213 804
927 6 213 804
928 6 213 804
929 6 213 804
930 6 213 804
931 6 214 801
932 6 214 801
933 6 214 801
934 6 214 801
935 6 214 801
936 6 214 801
937 6 214 801
938 6 214 801
939 6 214 801
940 6 214 801
941 6 214 801
942 6 214 801
943 6 214 801
944 6 214 801
945 6 214 801
946 6 214 801
947 6 214 801
948 6 214 801
949 6 214 801
950 6 214 801
951 6 214 801
952 6 214 801
953 6 214 801
954 6 214 801
955 6 214 801
956 6 214 801
957 6 214 801
958 6 214 801
959 6 214 801
960 6 214 801
961 6 214 801
962 6 214 801
963 6 214 801
964 6 214 801
965 6 214 801
966 6 214 801
967 6 214 801
968 6 214 801
969 6 214 801
970 6 214 801
971 6 214 801
972 6 214 801
973 6 214 801
974 6 214 801
975 6 214 801
976 6 214 801
977 6 214 801
978 6 214 801
979 6 214 801
980 6 214 801
981 6 214 801
981 8 435 235
982 6 214 801
982 8 435 235
983 6 214 801
983 8 435 235
984 6 214 801
984 8 435 235
985 6 214 801
985 8 435 235
986 6 214 801
986 8 418 231
987 6 214 801
987 8 415 231
988 6 214 801
988 8 413 231
989 6 214 801
989 8 411 231
990 6 214 801
990 8 409 231
991 8 406 241
992 8 404 242
993 8 402 243
994 8 400 244
995 8 399 246
996 8 398 250
997 8 397 251
998 8 395 252
999 8 394 255
1000 8 394 256
1001 8 393 257
1002 8 392 258
1003 8 391 259
1004 8 390 260
1005 8 390 263
1006 8 390 287
1007 8 388 290
1008 8 387 293
1009 8 387 297
1010 8 386 301
1011 8 389 314
1012 8 389 319
1013 8 389 323
1014 8 388 327
1015 8 387 331
1016 8 380 335
1017 8 378 341
1018 8 377 342
1019 8 376 346
1020 8 375 350
1021 8 371 380
1022 8 369 386
1023 8 367 392
1024 8 366 398
1025 8 364 403
1026 8 366 413
1026 3 394 26
1027 8 366 418
1027 3 394 26
1028 8 365 423
1028 3 394 26
1029 8 365 428
1029 3 394 26
1030 8 365 433
1030 3 394 26
1031 8 375 432
1031 3 374 41
1032 8 376 438
1032 3 370 42
1033 8 377 441
1033 3 367 43
1034 8 379 445
1034 3 364 44
1035 8 379 449
1035 3 363 44
1036 8 393 487
1036 3 335 16
1037 8 395 495
1037 3 328 14
1038 8 398 502
1038 3 322 12
1039 8 401 511
1039 3 316 10
1040 8 403 518
1040 3 310 8
1041 8 412 510
1041 3 306 1
1042 8 415 517
1042 3 302 0
1043 8 419 522
1043 3 297 -2
1044 8 422 527
1044 3 293 -4
1045 8 424 532
1045 3 289 -6
1046 8 423 523
1046 3 277 -20
1047 8 426 526
1047 3 273 -23
1048 8 428 528
1048 3 268 -25
1049 8 429 533
1049 3 264 -27
1050 8 432 536
1050 3 260 -29
1051 8 443 559
1051 3 260 -28
1052 8 447 564
1052 3 257 -30
1053 8 449 567
1053 3 255 -32
1054 8 452 572
1054 3 253 -33
1055 8 456 578
1055 3 252 -35
1056 8 461 610
1056 3 241 -30
1057 8 465 619
1057 3 238 -30
1058 8 468 625
1058 3 235 -31
1059 8 470 634
1059 3 233 -32
1060 8 473 640
1060 3 231 -33
1061 8 482 651
1061 3 226 -29
1062 8 485 657
1062 3 223 -30
1063 8 487 664
1063 3 220 -30
1064 8 490 670
1064 3 219 -30
1065 8 494 677
1065 3 217 -31
1066 8 503 692
1066 3 196 -21
1067 8 508 700
1067 3 191 -20
1068 8 512 707
1068 3 187 -19
1069 8 516 715
1069 3 183 -18
1070 8 519 722
1070 3 179 -18
1071 8 546 724
1071 3 171 -12
1071 6 214 798
1072 8 552 729
1072 3 166 -11
1072 6 214 798
1073 8 559 738
1073 3 162 -10
1073 6 214 798
1074 8 566 743
1074 3 158 -9
1074 6 214 798
1075 8 571 748
1075 3 154 -8
1075 6 214 798
1076 8 576 753
1076 3 155 -4
1076 6 214 798
1077 8 583 762
1077 3 153 -3
1077 6 214 798
1078 8 589 768
1078 3 150 -3
1078 6 214 798
1079 8 594 773
1079 3 147 -2
1079 6 214 798
1080 8 602 783
1080 3 145 -1
1080 6 214 798
1081 3 143 9
1081 6 214 798
1082 3 141 12
1082 6 214 798
1083 3 138 15
1083 6 214 798
1084 3 135 17
1084 6 214 798
1085 3 133 20
1085 6 214 798
1086 3 131 22
1086 6 214 798
1087 3 129 24
1087 6 214 798
1088 3 126 27
1088 6 214 798
1089 3 125 29
1089 6 214 798
1090 3 123 31
1090 6 214 798
1091 6 214 798
1091 5 418 197
1092 6 214 798
1092 5 418 197
1093 6 214 798
1093 5 418 197
1094 6 214 798
1094 5 418 197
1095 6 214 798
1095 5 418 197
1096 6 214 798
1096 5 398 172
1097 6 214 798
1097 5 395 171
1098 6 214 798
1098 5 391 169
1099 6 214 798
1099 5 390 168
1100 6 214 798
1100 5 387 167
1101 6 214 798
1101 5 375 134
1102 6 214 798
1102 5 371 130
1103 6 214 798
1103 5 368 127
1104 6 214 798
1104 5 365 123
1105 6 214 798
1105 5 363 119
1106 6 214 798
1106 5 363 89
1107 6 214 798
1107 5 361 84
1108 6 214 798
1108 5 359 78
1109 6 214 798
1109 5 358 73
1110 6 214 798
1110 5 356 69
1111 6 214 798
1111 5 360 68
1112 6 214 798
1112 5 359 63
1113 6 214 798
1113 5 358 60
1114 6 214 798
1114 5 357 56
1115 6 214 798
1115 5 357 53
1116 6 214 798
1116 5 352 47
1117 6 214 798
1117 5 351 44
1118 6 214 798
1118 5 349 40
1119 6 214 798
1119 5 348 37
1120 6 214 798
1120 5 347 34
1121 6 214 798
1121 5 337 30
1122 6 214 798
1122 5 334 27
1123 6 214 798
1123 5 332 25
1124 6 214 798
1124 5 329 22
1125 6 214 798
1125 5 327 20
1126 6 214 798
1126 5 317 22
1127 6 214 794
1127 5 314 21
1128 6 214 794
1128 5 311 20
1129 6 214 794
1129 5 308 18
1130 6 214 794
1130 5 305 16
1131 6 215 798
1131 5 304 -3
1132 6 215 798
1132 5 302 -5
1133 6 215 798
1133 5 300 -8
1134 6 215 798
1134 5 298 -11
1135 6 215 798
1135 5 296 -13
1136 6 216 788
1136 5 300 -26
1137 6 216 785
1137 5 299 -29
1138 6 217 785
1138 5 298 -32
1139 6 217 785
1139 5 297 -35
1140 6 217 782
1140 5 296 -38
1141 6 217 788
1141 5 293 -38
1142 6 217 788
1142 5 292 -40
1143 6 217 788
1143 5 291 -42
1144 6 217 788
1144 5 290 -44
1145 6 217 788
1145 5 289 -46
1146 6 216 795
1146 5 276 -40
1147 6 216 795
1147 5 273 -41
1148 6 216 795
1148 5 271 -42
1149 6 216 795
1149 5 269 -43
1150 6 216 795
1150 5 267 -43
1151 6 215 795
1151 5 248 -35
1152 6 215 795
1152 5 243 -34
1153 6 215 795
1153 5 239 -34
1154 6 215 795
1154 5 236 -34
1155 6 215 795
1155 5 233 -33
1156 6 215 795
1156 5 231 -33
1156 9 111 45
1157 6 215 795
1157 5 228 -33
1157 9 112 44
1158 6 215 795
1158 5 225 -33
1158 9 114 43
1159 6 215 795
1159 5 222 -33
1159 9 115 43
1160 6 215 795
1160 5 220 -33
1160 9 116 42
1161 6 215 795
1161 9 115 40
1162 6 215 795
1162 9 115 40
1163 6 215 795
1163 9 115 40
1164 6 215 795
1164 9 116 40
1165 6 215 795
1165 9 116 40
1166 6 215 795
1166 9 139 13
1167 6 215 795
1167 9 142 10
1168 6 215 795
1168 9 147 5
1169 6 215 795
1169 9 150 2
1170 6 215 795
1170 9 154 0
1171 6 215 791
1171 9 145 7
1172 6 215 791
1172 9 146 5
1173 6 215 791
1173 9 147 4
1174 6 215 791
1174 9 149 2
1175 6 215 791
1175 9 150 1
1176 6 215 791
1176 9 136 16
1177 6 215 791
1177 9 135 17
1178 6 215 791
1178 9 134 18
1179 6 215 791
1179 9 133 18
1180 6 215 791
1180 9 133 19
1181 6 213 794
1181 9 133 20
1182 6 213 794
1182 9 132 21
1183 6 213 794
1183 9 131 22
1184 6 213 794
1184 9 130 22
1185 6 213 794
1185 9 130 23
1186 6 213 797
1186 9 133 20
1187 6 213 797
1187 9 133 20
1188 6 213 797
1188 9 133 20
1189 6 213 797
1189 9 133 20
1190 6 213 797
1190 9 133 20
1191 6 213 797
1191 9 134 19
1192 6 213 797
1192 9 134 19
1193 6 213 797
1193 9 135 19
1194 6 213 797
1194 9 135 19
1195 6 213 797
1195 9 135 19
1196 6 213 797
1196 9 141 12
1197 6 213 797
1197 9 142 11
1198 6 213 797
1198 9 143 9
1199 6 213 797
1199 9 144 8
1200 6 213 797
1200 9 145 7
1201 6 213 797
1201 9 145 5
1202 6 213 797
1202 9 145 4
1203 6 213 797
1203 9 146 4
1204 6 213 797
1204 9 147 2
1205 6 213 797
1205 9 147 1
1206 6 213 797
1206 9 146 3
1207 6 213 797
1207 9 146 2
1208 6 213 797
1208 9 147 1
1209 6 213 797
1209 9 147 1
1210 6 213 797
1210 9 147 0
1211 6 213 797
1211 9 146 2
1212 6 213 797
1212 9 146 1
1213 6 213 797
1213 9 146 1
1214 6 213 797
1214 9 146 1
1215 6 213 797
1215 9 146 0
1216 6 213 797
1216 9 145 3
1217 6 213 797
1217 9 144 3
1218 6 213 797
1218 9 144 3
1219 6 213 797
1219 9 144 3
1220 6 213 797
1220 9 143 3
1221 6 213 797
1221 9 142 5
1222 6 213 797
1222 9 142 5
1223 6 213 797
1223 9 141 5
1224 6 213 797
1224 9 141 5
1225 6 213 797
1225 9 141 5
1226 6 213 797
1226 9 142 5
1227 6 213 797
1227 9 142 5
1228 6 213 797
1228 9 142 5
1229 6 213 797
1229 9 142 5
1230 6 213 797
1230 9 142 5
1231 6 213 797
1231 9 139 17
1232 6 213 797
1232 9 139 19
1233 6 213 797
1233 9 138 21
1234 6 213 797
1234 9 138 23
1235 6 213 797
1235 9 137 24
1236 6 213 797
1236 9 137 26
1237 6 213 797
1237 9 136 28
1238 6 213 797
1238 9 136 30
1239 6 213 797
1239 9 136 31
