6 1 627 297
6 2 531 138
6 3 418 294
7 1 627 295
7 2 533 140
7 3 418 292
8 1 627 292
8 2 536 142
8 3 419 290
9 1 627 291
9 2 539 144
9 3 415 287
10 1 627 288
10 2 542 145
10 3 415 286
11 1 628 285
11 2 522 135
11 3 406 270
12 1 628 284
12 2 522 136
12 3 406 266
13 1 628 281
13 2 522 136
13 3 407 263
14 1 626 278
14 2 519 134
14 3 403 259
15 1 626 277
15 2 519 134
15 3 404 256
16 1 602 264
16 2 502 123
16 3 404 256
17 1 600 261
17 2 499 121
17 3 404 254
18 1 598 259
18 2 500 120
18 3 404 252
19 1 595 256
19 2 497 117
19 3 404 251
20 1 593 252
20 2 494 115
20 3 404 249
21 1 586 248
21 2 473 102
21 3 397 258
22 1 583 245
22 2 470 99
22 3 397 258
23 1 581 242
23 2 467 97
23 3 393 256
24 1 576 237
24 2 464 95
24 3 393 256
25 1 574 234
25 2 460 94
25 3 390 255
26 1 574 233
26 2 429 66
26 3 376 248
27 1 572 229
27 2 426 63
27 3 372 246
28 1 569 226
28 2 419 58
28 3 369 244
29 1 567 223
29 2 413 52
29 3 369 243
30 1 564 220
30 2 409 49
30 3 365 240
31 1 562 207
31 2 409 47
31 3 362 237
32 1 560 203
32 2 403 41
32 3 358 235
33 1 558 198
33 2 399 37
33 3 355 232
34 1 558 196
34 2 396 35
34 3 355 230
35 1 555 193
35 2 392 32
35 3 351 226
36 1 542 186
36 2 363 21
36 3 363 208
37 1 539 183
37 2 356 17
37 3 364 203
38 1 537 180
38 2 349 13
38 3 360 195
39 1 534 178
39 2 341 9
39 3 361 191
40 1 531 175
40 2 337 7
40 3 361 187
41 1 523 173
41 2 322 1
41 3 369 183
42 1 520 172
42 2 314 -2
42 3 373 179
43 1 514 168
43 2 306 -5
43 3 373 175
44 1 512 165
44 2 302 -8
44 3 373 170
45 1 509 164
45 2 293 -12
45 3 373 165
46 1 506 160
46 2 302 -7
46 3 384 174
47 1 503 158
47 2 297 -8
47 3 387 173
48 1 500 155
48 2 289 -13
48 3 388 170
49 1 497 153
49 2 285 -14
49 3 391 170
50 1 495 150
50 2 281 -16
50 3 391 168
51 1 500 153
51 2 297 1
51 3 403 156
52 1 498 149
52 2 297 4
52 3 406 152
53 1 495 148
53 2 293 2
53 3 410 148
54 1 495 147
54 2 288 2
54 3 414 145
55 1 492 145
55 2 288 4
55 3 418 138
56 1 489 148
56 2 284 4
56 3 418 132
57 1 489 148
57 2 284 6
57 3 422 129
58 1 486 147
58 2 280 6
58 3 425 125
59 1 486 147
59 2 280 7
59 3 429 121
60 1 483 146
60 2 275 6
60 3 433 118
61 1 486 144
62 1 483 143
63 1 483 142
64 1 483 141
65 1 477 138
66 1 483 137
67 1 483 136
68 1 483 135
69 1 483 134
70 1 477 128
71 1 471 125
71 3 439 72
72 1 471 124
72 3 439 68
73 1 468 121
73 3 442 67
74 1 468 120
74 3 443 66
75 1 465 118
75 3 443 62
76 1 466 114
76 3 443 62
77 1 463 111
77 3 443 60
78 1 463 110
78 3 443 58
79 1 460 108
79 3 443 56
80 1 460 107
80 3 443 55
81 1 454 101
82 1 450 98
83 1 447 95
84 1 447 94
85 1 444 90
86 1 451 95
87 1 448 91
88 1 448 91
89 1 444 88
90 1 445 87
91 1 435 79
92 1 435 78
93 1 432 76
94 1 432 76
95 1 429 73
96 1 401 60
97 1 384 56
98 1 380 54
99 1 373 51
100 1 369 50
101 1 380 54
102 1 376 52
103 1 373 50
104 1 369 48
105 1 366 47
106 1 366 43
107 1 362 41
108 1 359 38
109 1 355 36
110 1 355 36
111 1 366 42
112 1 362 40
113 1 362 40
114 1 362 40
115 1 359 38
116 1 309 12
117 1 301 8
118 1 297 7
119 1 288 2
120 1 284 0
121 1 246 -20
122 1 237 -25
123 1 228 -30
124 1 219 -34
125 1 210 -39
126 1 201 -45
127 1 196 -47
128 1 187 -52
129 1 182 -54
130 1 172 -60
131 1 168 -63
132 1 158 -69
133 1 153 -71
134 1 148 -73
135 1 138 -79
141 1 183 -65
142 1 183 -66
143 1 183 -67
144 1 183 -67
145 1 183 -68
146 1 168 -74
147 1 168 -74
148 1 168 -74
149 1 168 -74
150 1 163 -77
151 1 163 -77
152 1 163 -77
153 1 163 -77
154 1 163 -77
155 1 158 -80
181 1 313 0
182 1 317 2
183 1 321 4
184 1 325 6
185 1 329 9
186 1 366 33
187 1 374 37
188 1 381 43
189 1 384 45
190 1 391 50
191 1 412 62
192 1 419 66
193 1 425 70
194 1 435 76
195 1 442 80
196 1 460 96
197 1 467 100
198 1 476 107
199 1 479 110
200 1 488 116
201 1 490 121
202 1 493 124
203 1 499 129
204 1 505 135
205 1 507 137
206 1 504 141
207 1 507 144
208 1 510 149
209 1 512 153
210 1 518 160
211 1 503 153
212 1 503 155
213 1 503 156
214 1 506 160
215 1 509 164
216 1 500 159
217 1 500 160
218 1 500 161
219 1 503 163
220 1 506 166
221 1 533 184
222 1 536 186
223 1 539 188
224 1 541 191
225 1 547 195
226 1 560 202
227 1 563 204
228 1 568 208
229 1 570 210
230 1 575 214
231 1 590 226
232 1 597 231
233 1 602 236
234 1 606 240
235 1 611 244
236 1 627 257
237 1 631 262
238 1 636 267
239 1 640 271
240 1 644 275
241 1 653 282
241 2 264 -26
242 1 657 286
242 2 264 -26
243 1 661 289
243 2 264 -26
244 1 666 294
244 2 264 -26
245 1 670 297
245 2 264 -26
246 1 667 298
246 2 317 5
247 1 669 301
247 2 325 9
248 1 673 305
248 2 329 12
249 1 675 307
249 2 333 14
250 1 679 311
250 2 337 16
251 1 694 319
251 2 348 21
252 1 697 322
252 2 352 22
253 1 701 326
253 2 356 24
254 1 707 331
254 2 359 27
255 1 711 334
255 2 363 28
256 1 739 367
256 2 360 21
257 1 748 376
257 2 363 22
258 1 753 383
258 2 367 23
259 1 758 390
259 2 371 24
260 1 764 398
260 2 371 24
261 1 779 404
261 2 374 25
262 1 784 409
262 2 378 28
263 1 788 414
263 2 378 27
264 1 795 420
264 2 382 29
265 1 799 424
265 2 385 30
266 1 823 441
267 1 829 446
268 1 836 452
269 1 840 457
270 1 846 463
271 1 874 476
272 1 881 481
273 1 887 486
274 1 893 491
275 1 899 495
276 1 900 494
277 1 905 498
278 1 910 502
279 1 914 505
280 1 919 509
281 1 930 527
281 2 442 75
282 1 934 532
282 2 442 76
283 1 937 537
283 2 445 78
284 1 942 543
284 2 448 81
285 1 946 547
285 2 451 85
286 1 961 556
286 2 438 82
287 1 965 561
287 2 438 84
288 1 970 566
288 2 441 86
289 1 973 570
289 2 441 87
290 1 978 574
290 2 441 88
291 1 1003 586
291 2 444 91
292 1 1008 591
292 2 444 92
293 1 1013 595
293 2 444 93
294 1 1018 599
294 2 444 96
295 1 1022 601
295 2 444 97
296 1 1028 602
296 2 453 113
297 1 1033 605
297 2 453 117
298 1 1037 608
298 2 455 123
299 1 1042 610
299 2 455 126
300 1 1045 613
300 2 458 132
301 1 1047 610
301 2 451 142
302 1 1051 611
302 2 451 149
303 1 1054 613
303 2 453 155
304 1 1058 614
304 2 453 162
305 1 1061 616
305 2 453 166
306 1 1093 626
306 2 447 160
307 1 1099 628
307 2 446 164
308 1 1105 631
308 2 443 166
309 1 1109 632
309 2 443 169
310 1 1114 634
310 2 443 172
311 1 1125 641
311 2 438 189
312 1 1130 644
312 2 441 194
313 1 1135 646
313 2 441 198
314 1 1139 648
314 2 441 201
315 1 1143 650
315 2 441 205
316 1 1142 647
316 2 434 204
317 1 1145 648
317 2 434 207
318 1 1149 649
318 2 430 210
319 1 1152 651
319 2 430 212
320 1 1155 652
320 2 430 215
321 1 1155 654
321 2 420 213
322 1 1157 656
322 2 416 215
323 1 1160 658
323 2 413 216
324 1 1162 659
324 2 413 220
325 1 1165 661
325 2 409 222
326 1 1168 662
326 2 394 235
327 1 1170 663
327 2 394 242
328 1 1173 665
328 2 390 248
329 1 1175 666
329 2 390 254
330 1 1177 667
330 2 386 259
331 1 1175 678
331 2 386 263
332 1 1177 681
332 2 382 267
333 1 1179 684
333 2 381 272
334 1 1181 686
334 2 378 277
335 1 1183 689
335 2 377 281
336 1 1182 687
336 2 380 291
337 1 1183 689
337 2 380 296
338 1 1185 690
338 2 383 304
339 1 1186 692
339 2 383 308
340 1 1188 694
340 2 386 315
341 1 1184 674
341 2 379 318
342 1 1185 673
342 2 378 323
343 1 1186 671
343 2 378 328
344 1 1188 670
344 2 378 333
345 1 1189 669
345 2 381 339
346 1 1190 668
346 2 391 346
347 1 1191 667
347 2 391 350
348 1 1192 666
348 2 394 357
349 1 1193 665
349 2 394 360
350 1 1195 664
350 2 393 366
351 2 393 376
352 2 392 382
353 2 395 389
354 2 395 394
355 2 395 400
356 2 403 427
357 2 406 437
358 2 406 445
359 2 409 454
360 2 408 463
361 2 415 459
362 2 418 465
363 2 421 472
364 2 420 477
365 2 423 483
366 1 1159 698
366 2 413 491
367 1 1157 699
367 2 413 496
368 1 1156 701
368 2 412 502
369 1 1154 702
369 2 415 507
370 1 1153 704
370 2 418 514
371 1 1155 731
371 2 434 525
372 1 1153 735
372 2 436 532
373 1 1152 739
373 2 439 538
374 1 1150 744
374 2 445 546
375 1 1149 747
375 2 448 552
376 1 1151 776
376 2 451 556
377 1 1149 783
377 2 450 561
378 1 1148 790
378 2 456 567
379 1 1146 797
379 2 459 573
380 1 1145 804
380 2 462 579
381 1 1151 803
381 2 458 594
382 1 1151 808
382 2 460 602
383 1 1151 813
383 2 463 609
384 1 1151 819
384 2 465 616
385 1 1150 823
385 2 468 623
386 1 1150 835
386 2 465 620
387 1 1150 841
387 2 465 625
388 1 1149 847
388 2 467 630
389 1 1149 852
389 2 467 635
390 1 1148 857
390 2 470 639
391 1 1134 862
391 2 478 645
392 1 1133 867
392 2 481 650
393 1 1132 871
393 2 481 653
394 1 1130 875
394 2 483 657
395 1 1129 879
395 2 486 661
396 1 1132 856
396 2 508 676
397 1 1132 855
397 2 510 680
398 1 1131 855
398 2 515 685
399 1 1131 854
399 2 518 689
400 1 1130 853
400 2 520 694
401 1 1116 842
401 2 539 693
401 3 466 101
402 1 1113 839
402 2 544 696
402 3 469 106
403 1 1112 836
403 2 546 698
403 3 469 107
404 1 1110 834
404 2 551 702
404 3 469 109
405 1 1109 832
405 2 556 705
405 3 472 112
406 1 1098 841
406 2 559 705
406 3 472 112
407 1 1096 841
407 2 564 707
407 3 472 113
408 1 1093 840
408 2 566 710
408 3 472 115
409 1 1091 840
409 2 571 712
409 3 472 117
410 1 1089 840
410 2 573 716
410 3 472 120
411 1 1078 841
411 2 575 718
411 3 462 118
412 1 1075 841
412 2 580 721
412 3 462 121
413 1 1072 841
413 2 582 724
413 3 462 122
414 1 1070 841
414 2 587 728
414 3 462 124
415 1 1067 840
415 2 589 732
415 3 459 124
416 1 1045 834
416 2 593 740
416 3 448 136
417 1 1040 833
417 2 597 745
417 3 445 139
418 1 1035 831
418 2 599 749
418 3 444 144
419 1 1030 829
419 2 604 753
419 3 441 146
420 1 1027 827
420 2 606 757
420 3 441 151
421 1 1019 810
421 2 603 763
421 3 453 162
422 1 1015 805
422 2 605 768
422 3 456 167
423 1 1011 801
423 2 607 772
423 3 456 172
424 1 1007 795
424 2 609 776
424 3 455 176
425 1 1002 790
425 2 611 779
425 3 455 180
426 1 992 798
426 2 613 783
426 3 455 174
427 1 988 795
427 2 615 787
427 3 455 176
428 1 983 792
428 2 617 791
428 3 455 179
429 1 978 790
429 2 619 794
429 3 455 181
430 1 974 788
430 2 621 798
430 3 452 182
431 1 966 770
431 2 671 796
431 3 455 181
432 1 962 764
432 2 679 798
432 3 452 180
433 1 957 758
433 2 683 802
433 3 452 182
434 1 954 753
434 2 688 805
434 3 452 184
435 1 949 748
435 2 692 807
435 3 448 184
436 1 955 741
436 2 703 813
436 3 457 205
437 1 952 736
437 2 706 817
437 3 456 210
438 1 949 731
438 2 712 820
438 3 456 215
439 1 946 725
439 2 715 823
439 3 456 219
440 1 943 720
440 2 720 826
440 3 456 224
441 1 934 720
441 2 722 830
441 3 458 234
442 1 931 715
442 2 727 834
442 3 458 240
443 1 928 711
443 2 730 837
443 3 458 244
444 1 924 707
444 2 733 841
444 3 460 251
445 1 921 703
445 2 738 844
445 3 460 257
446 1 908 684
446 2 763 849
446 3 457 256
447 1 904 677
447 2 768 852
447 3 457 260
448 1 899 670
448 2 774 856
448 3 456 265
449 1 895 663
449 2 778 858
449 3 456 268
450 1 891 656
450 2 783 862
450 3 456 272
451 1 896 655
451 2 776 869
451 3 461 284
452 1 893 649
452 2 780 873
452 3 461 289
453 1 889 643
453 2 783 875
453 3 461 294
454 1 886 636
454 2 786 879
454 3 463 301
455 1 883 631
455 2 789 881
455 3 463 306
456 1 887 634
456 2 824 878
456 3 462 319
457 1 885 630
457 2 829 879
457 3 465 327
458 1 883 626
458 2 835 880
458 3 465 333
459 1 881 622
459 2 839 881
459 3 464 340
460 1 878 619
460 2 844 882
460 3 464 345
461 1 889 592
461 2 861 879
461 3 464 345
462 1 887 583
462 2 866 880
462 3 464 350
463 1 887 576
463 2 871 880
463 3 469 356
464 1 886 568
464 2 876 880
464 3 472 363
465 1 885 561
465 2 879 881
465 3 475 368
466 1 894 565
466 2 880 878
466 3 460 363
467 1 894 560
467 2 883 877
467 3 459 366
468 1 893 554
468 2 887 877
468 3 459 369
469 1 894 549
469 2 892 877
469 3 459 373
470 1 893 544
470 2 895 878
470 3 459 376
471 1 890 535
471 2 911 877
471 3 432 389
472 1 890 530
472 2 915 877
472 3 429 395
473 1 889 526
473 2 921 877
473 3 425 401
474 1 888 521
474 2 925 878
474 3 421 407
475 1 887 516
475 2 929 878
475 3 421 411
476 1 893 502
476 2 946 883
476 3 405 408
477 1 894 496
477 2 951 884
477 3 401 412
478 1 894 489
478 2 956 885
478 3 397 417
479 1 893 483
479 2 960 886
479 3 394 420
480 1 894 476
480 2 964 887
480 3 393 426
481 1 899 487
481 2 971 889
481 3 399 447
482 1 900 484
482 2 974 891
482 3 395 454
483 1 900 481
483 2 979 891
483 3 394 461
484 1 901 479
484 2 982 891
484 3 391 468
485 1 901 477
485 2 985 892
485 3 390 473
486 1 896 459
486 2 1002 885
486 3 397 484
487 1 897 454
487 2 1006 885
487 3 396 491
488 1 897 449
488 2 1010 884
488 3 396 498
489 1 897 445
489 2 1015 883
489 3 395 504
490 1 898 442
490 2 1018 882
490 3 395 511
491 1 906 428
491 2 1023 876
491 3 382 501
492 1 908 423
492 2 1027 874
492 3 381 505
493 1 909 417
493 2 1030 872
493 3 381 510
494 1 910 411
494 2 1033 871
494 3 377 514
495 1 911 407
495 2 1037 870
495 3 377 518
496 1 901 393
496 2 1044 859
496 3 380 533
497 1 901 388
497 2 1047 856
497 3 379 539
498 1 901 381
498 2 1051 853
498 3 379 547
499 1 901 376
499 2 1054 851
499 3 379 552
500 1 900 370
500 2 1058 848
500 3 378 559
501 1 895 366
501 2 1079 844
501 3 384 578
502 1 894 361
502 2 1083 841
502 3 383 587
503 1 893 357
503 2 1088 839
503 3 383 594
504 1 893 351
504 2 1091 837
504 3 382 603
505 1 893 348
505 2 1095 835
505 3 385 611
506 1 919 366
506 2 1103 837
506 3 383 601
507 1 920 364
507 2 1106 836
507 3 382 605
508 1 923 363
508 2 1110 835
508 3 382 609
509 1 924 361
509 2 1113 834
509 3 382 613
510 1 927 359
510 2 1117 833
510 3 381 618
511 1 897 338
511 2 1116 826
511 3 388 628
512 1 895 333
512 2 1118 824
512 3 387 634
513 1 894 329
513 2 1121 822
513 3 390 639
514 1 893 324
514 2 1124 820
514 3 390 644
515 1 892 321
515 2 1126 818
515 3 390 649
516 1 909 319
516 2 1130 798
516 3 412 667
517 1 910 315
517 2 1132 793
517 3 415 674
518 1 912 310
518 2 1135 788
518 3 418 681
519 1 912 306
519 2 1137 785
519 3 417 687
520 1 914 302
520 2 1139 780
520 3 417 692
521 1 914 303
521 2 1139 777
521 3 404 684
522 1 915 301
522 2 1141 773
522 3 404 688
523 1 917 299
523 2 1143 769
523 3 404 692
524 1 917 295
524 2 1144 766
524 3 407 697
525 1 918 292
525 2 1146 763
525 3 407 701
526 1 910 281
526 2 1151 750
526 3 459 711
527 1 911 278
527 2 1153 745
527 3 465 715
528 1 911 274
528 2 1155 740
528 3 471 721
529 1 911 271
529 2 1157 736
529 3 476 725
530 1 911 268
530 2 1159 730
530 3 482 731
531 1 897 259
531 2 1149 729
531 3 475 748
532 1 897 257
532 2 1150 725
532 3 477 755
533 1 896 254
533 2 1150 721
533 3 480 762
534 1 895 251
534 2 1151 718
534 3 482 769
535 1 893 248
535 2 1152 714
535 3 484 775
536 1 892 244
536 2 1141 699
536 3 473 769
537 1 892 242
537 2 1141 694
537 3 476 773
538 1 891 239
538 2 1141 689
538 3 476 777
539 2 1141 685
539 3 478 781
540 2 1141 680
540 3 481 786
541 2 1140 674
541 3 480 793
542 2 1140 669
542 3 483 798
543 2 1141 665
543 3 483 802
544 2 1140 662
544 3 485 806
545 2 1141 659
545 3 488 809
546 2 1138 664
546 3 512 819
547 2 1138 662
547 3 517 823
548 2 1138 660
548 3 520 828
549 2 1138 659
549 3 525 831
550 2 1137 657
550 3 527 835
551 2 1122 661
551 3 530 832
552 2 1120 661
552 3 532 835
553 2 1118 661
553 3 535 838
554 2 1116 660
554 3 540 841
555 2 1115 660
555 3 542 843
556 2 1090 656
556 3 555 834
557 2 1086 656
557 3 560 834
558 2 1082 655
558 3 565 836
559 2 1078 655
559 3 567 836
560 2 1074 654
560 3 572 838
561 2 1063 649
561 3 558 837
562 2 1059 648
562 3 560 837
563 2 1054 646
563 3 562 838
564 2 1050 645
564 3 565 840
565 2 1046 644
565 3 565 840
566 2 1017 632
566 3 564 852
567 2 1011 630
567 3 564 854
568 2 1004 628
568 3 566 858
569 2 998 626
569 3 568 860
570 2 991 623
570 3 568 864
571 2 979 618
571 3 580 871
572 2 971 615
572 3 582 875
573 2 965 613
573 3 584 879
574 2 958 611
574 3 586 882
575 2 952 609
575 3 590 886
576 2 951 615
576 3 611 879
576 1 883 248
577 2 944 614
577 3 615 881
577 1 883 250
578 2 938 614
578 3 620 883
578 1 883 250
579 2 931 612
579 3 622 885
579 1 882 250
580 2 927 612
580 3 626 887
580 1 882 251
581 2 909 615
581 3 621 901
581 1 844 227
582 2 901 614
582 3 622 906
582 1 840 227
583 2 894 614
583 3 624 910
583 1 835 226
584 2 888 614
584 3 626 914
584 1 829 224
585 2 881 614
585 3 630 917
585 1 824 224
586 2 879 614
586 3 635 916
586 1 823 238
587 2 874 613
587 3 639 919
587 1 818 239
588 2 867 612
588 3 641 921
588 1 815 242
589 2 861 612
589 3 642 923
589 1 810 244
590 2 855 611
590 3 644 926
590 1 807 246
591 2 852 606
591 3 657 921
591 1 796 238
592 2 846 605
592 3 661 923
592 1 791 238
593 2 841 603
593 3 663 923
593 1 785 238
594 2 835 602
594 3 667 924
594 1 780 238
595 2 831 601
595 3 669 925
595 1 777 239
596 2 815 597
596 3 680 921
596 1 762 244
597 2 809 596
597 3 684 922
597 1 757 245
598 2 803 595
598 3 688 922
598 1 751 247
599 2 797 595
599 3 692 921
599 1 747 248
600 2 792 595
600 3 694 922
600 1 742 249
601 2 787 599
601 3 705 920
601 1 727 240
602 2 780 599
602 3 708 920
602 1 721 240
603 2 775 600
603 3 712 920
603 1 717 241
604 2 769 600
604 3 716 920
604 1 711 241
605 2 764 601
605 3 717 920
605 1 705 240
606 2 737 606
606 3 728 921
606 1 710 256
607 2 728 607
607 3 731 921
607 1 706 258
608 2 721 609
608 3 735 922
608 1 702 260
609 2 713 610
609 3 738 922
609 1 697 261
610 2 705 611
610 3 741 923
610 1 691 261
611 2 705 613
611 3 756 922
611 1 686 273
612 2 699 614
612 3 761 922
612 1 682 278
613 2 694 615
613 3 766 924
613 1 679 282
614 2 688 616
614 3 769 925
614 1 675 285
615 2 682 617
615 3 773 925
615 1 672 287
616 2 682 614
616 3 790 929
616 1 662 280
617 2 676 614
617 3 794 931
617 1 660 282
618 2 670 613
618 3 799 933
618 1 655 281
619 2 665 614
619 3 803 934
619 1 651 282
620 2 659 614
620 3 807 936
620 1 648 284
621 2 640 606
621 3 807 939
621 1 643 291
622 2 634 605
622 3 810 941
622 1 639 293
623 2 629 605
623 3 812 942
623 1 636 295
624 2 623 605
624 3 816 944
624 1 634 297
625 2 618 605
625 3 819 946
625 1 631 299
626 2 606 606
626 3 827 945
626 1 627 298
627 2 602 606
627 3 831 946
627 1 624 300
628 2 595 606
628 3 834 947
628 1 619 301
629 2 590 606
629 3 838 948
629 1 617 303
630 2 582 606
630 3 840 950
630 1 614 305
631 2 587 608
631 3 852 949
631 1 588 295
632 2 582 608
632 3 857 950
632 1 583 296
633 2 577 608
633 3 860 951
633 1 578 296
634 2 573 608
634 3 865 951
634 1 572 298
635 2 568 608
635 3 868 952
635 1 570 299
636 2 585 610
636 3 891 950
636 1 553 307
637 2 585 611
637 3 894 951
637 1 548 310
638 2 582 610
638 3 901 951
638 1 542 313
639 2 580 610
639 3 905 951
639 1 536 314
640 2 580 610
640 3 910 952
640 1 531 316
641 2 613 615
641 3 918 955
641 1 511 305
642 2 615 614
642 3 922 956
642 1 503 304
643 2 615 614
643 3 925 956
643 1 497 305
644 2 617 615
644 3 930 957
644 1 491 305
645 2 620 616
645 3 934 957
645 1 485 306
646 2 608 613
646 3 940 954
646 1 473 302
647 2 611 613
647 3 943 954
647 1 467 303
648 2 611 613
648 3 947 953
648 1 460 303
649 2 611 613
649 3 950 953
649 1 454 303
650 2 611 612
650 3 953 952
650 1 447 303
651 2 648 614
651 3 954 943
651 1 443 316
652 2 651 614
652 3 957 940
652 1 440 320
653 2 655 613
653 3 959 938
653 1 433 322
654 2 659 612
654 3 962 936
654 1 430 325
655 2 661 610
655 3 966 934
655 1 423 326
656 2 692 613
656 3 976 918
656 1 416 325
657 2 696 612
657 3 979 913
657 1 413 328
658 2 702 612
658 3 983 909
658 1 406 329
659 2 705 611
659 3 986 905
659 1 402 331
660 2 709 610
660 3 989 900
660 1 395 332
661 2 730 610
661 3 988 892
661 1 396 331
662 2 735 610
662 3 991 887
662 1 389 331
663 2 741 610
663 3 993 882
663 1 385 333
664 2 746 610
664 3 996 878
664 1 381 334
665 2 749 610
665 3 998 874
665 1 374 335
666 2 772 619
666 3 997 862
666 1 340 344
667 2 779 620
667 3 999 856
667 1 336 349
668 2 784 621
668 3 1000 851
668 1 328 354
669 2 788 622
669 3 1002 846
669 1 320 358
670 2 795 623
670 3 1004 841
670 1 316 362
671 2 802 627
671 3 1012 840
671 1 335 370
672 2 807 629
672 3 1014 836
672 1 331 374
673 2 811 630
673 3 1016 832
673 1 331 379
674 2 816 631
674 3 1019 829
674 1 326 383
675 2 818 631
675 3 1020 826
675 1 322 387
676 2 844 634
676 3 1024 831
676 1 334 389
677 2 850 635
677 3 1027 829
677 1 330 391
678 2 855 636
678 3 1028 827
678 1 330 395
679 2 860 636
679 3 1030 826
679 1 329 398
680 2 864 635
680 3 1032 825
680 1 329 403
681 2 875 629
681 3 1059 812
681 1 336 409
682 2 879 628
682 3 1062 808
682 1 336 413
683 2 884 627
683 3 1066 805
683 1 336 418
684 2 889 626
684 3 1070 802
684 1 335 423
685 2 893 625
685 3 1073 801
685 1 339 429
686 2 892 616
686 3 1089 821
686 1 312 434
687 2 895 614
687 3 1093 823
687 1 311 440
688 2 899 612
688 3 1097 824
688 1 307 447
689 2 903 611
689 3 1101 826
689 1 303 452
690 2 905 609
690 3 1105 827
690 1 298 459
691 2 924 614
691 3 1105 847
691 1 286 471
692 2 929 613
692 3 1107 851
692 1 281 480
693 2 934 612
693 3 1110 855
693 1 277 487
694 2 938 612
694 3 1113 859
694 1 272 496
695 2 942 612
695 3 1116 862
695 1 272 503
696 2 951 617
696 3 1115 863
696 1 275 518
697 2 956 618
697 3 1117 866
697 1 270 526
698 2 960 618
698 3 1119 869
698 1 270 534
699 2 964 618
699 3 1121 871
699 1 265 541
700 2 968 618
700 3 1123 874
700 1 265 550
701 2 984 622
701 3 1128 863
701 1 292 568
702 2 989 622
702 3 1130 863
702 1 291 577
703 2 993 622
703 3 1132 863
703 1 295 586
704 2 998 623
704 3 1134 863
704 1 294 594
705 2 1002 622
705 3 1136 863
705 1 294 602
706 2 1022 618
706 3 1136 864
706 1 333 595
707 2 1027 617
707 3 1138 864
707 1 336 600
708 2 1032 616
708 3 1140 864
708 1 339 605
709 2 1036 616
709 3 1142 864
709 1 343 609
710 2 1041 615
710 3 1143 865
710 1 350 614
711 2 1047 614
711 3 1143 864
711 1 364 625
712 2 1051 613
712 3 1144 863
712 1 370 630
713 2 1055 612
713 3 1145 863
713 1 373 636
714 2 1059 612
714 3 1147 863
714 1 377 642
715 2 1062 611
715 3 1148 862
715 1 383 647
716 2 1052 623
716 3 1153 854
716 1 385 675
717 2 1054 625
717 3 1154 853
717 1 388 683
718 2 1057 626
718 3 1156 851
718 1 390 693
719 2 1058 628
719 3 1157 850
719 1 393 701
720 2 1060 629
720 3 1159 848
720 1 396 710
721 2 1052 641
721 3 1153 852
721 1 387 697
722 2 1052 644
722 3 1154 852
722 1 390 701
723 2 1053 647
723 3 1155 851
723 1 393 706
724 2 1054 650
724 3 1156 851
724 1 393 710
725 2 1055 653
725 3 1157 850
725 1 396 714
726 2 1054 669
726 3 1156 844
726 1 411 732
727 2 1055 674
727 3 1157 842
727 1 414 737
728 2 1056 679
728 3 1157 841
728 1 417 744
729 2 1056 684
729 3 1158 839
729 1 420 749
730 2 1056 689
730 3 1159 838
730 1 423 755
731 2 1038 701
731 3 1159 821
731 1 428 764
732 2 1036 707
732 3 1160 817
732 1 431 770
733 2 1035 714
733 3 1161 813
733 1 434 776
734 2 1033 721
734 3 1162 809
734 1 433 782
735 2 1032 727
735 3 1163 805
735 1 436 786
736 2 1021 715
736 3 1166 781
736 1 442 786
737 2 1019 717
737 3 1167 774
737 1 445 790
738 2 1017 720
738 3 1168 767
738 1 448 794
739 2 1016 723
739 3 1169 760
739 1 451 798
740 2 1013 726
740 3 1169 753
740 1 454 801
741 2 992 741
741 3 1162 747
741 1 453 806
742 2 988 746
742 3 1163 741
742 1 453 810
743 2 985 751
743 3 1163 735
743 1 456 813
744 2 981 756
744 3 1163 729
744 1 459 818
745 2 978 761
745 3 1164 724
745 1 461 821
746 2 976 776
746 3 1159 721
746 1 464 829
747 2 974 783
747 3 1158 716
747 1 463 833
748 2 971 790
748 3 1158 711
748 1 466 838
749 2 968 796
749 3 1157 706
749 1 469 841
750 2 966 802
750 3 1157 700
750 1 468 847
751 2 973 802
751 3 1160 700
751 1 485 850
752 2 971 807
752 3 1161 695
752 1 491 853
753 2 970 811
753 3 1161 692
753 1 493 856
754 2 968 817
754 3 1160 688
754 1 493 860
755 2 966 821
755 3 1161 684
755 1 496 862
756 2 951 821
756 3 1161 690
756 1 493 869
757 2 948 824
757 3 1161 688
757 1 492 871
758 2 945 828
758 3 1161 686
758 1 495 874
759 2 943 832
759 3 1161 684
759 1 495 875
760 2 941 836
760 3 1161 683
760 1 498 877
761 2 938 840
761 3 1163 667
761 1 492 870
762 2 936 843
762 3 1163 663
762 1 492 870
763 2 934 847
763 3 1163 659
763 1 495 869
764 2 931 850
764 3 1164 656
764 1 495 866
765 2 929 853
765 3 1164 653
765 1 496 864
766 2 910 864
766 3 1165 628
766 1 488 845
767 2 906 869
767 3 1166 622
767 1 486 840
768 2 902 873
768 3 1166 616
768 1 486 834
769 2 898 877
769 3 1166 611
769 1 487 830
770 2 895 881
770 3 1167 606
770 1 484 824
771 2 890 888
771 3 1163 605
771 1 476 822
772 2 886 892
772 3 1163 602
772 1 476 817
773 2 883 895
773 3 1163 598
773 1 473 813
774 2 881 898
774 3 1163 594
774 1 474 809
775 2 877 901
775 3 1163 591
775 1 471 805
776 2 880 890
776 3 1163 594
776 1 486 797
777 2 877 891
777 3 1162 591
777 1 486 792
778 2 876 891
778 3 1163 589
778 1 487 787
779 2 874 891
779 3 1162 587
779 1 487 783
780 2 871 891
780 3 1162 585
780 1 487 779
781 2 862 885
781 3 1159 585
781 1 499 768
782 2 859 885
782 3 1158 584
782 1 499 762
783 2 857 884
783 3 1157 583
783 1 500 757
784 2 854 883
784 3 1157 582
784 1 503 752
785 2 852 883
785 3 1156 580
785 1 503 747
786 2 838 885
786 3 1152 584
786 1 519 758
787 2 836 885
787 3 1151 584
787 1 522 756
788 2 832 885
788 3 1150 584
788 1 522 754
789 2 829 885
789 3 1150 584
789 1 524 752
790 2 825 886
790 3 1149 584
790 1 527 750
791 2 818 889
791 3 1148 588
791 1 533 738
792 2 813 890
792 3 1148 588
792 1 536 734
793 2 810 891
793 3 1147 588
793 1 537 730
794 2 806 892
794 3 1146 589
794 1 539 725
795 2 803 892
795 3 1145 589
795 1 542 720
796 2 779 894
796 3 1141 592
796 1 559 698
797 2 772 895
797 3 1141 593
797 1 562 690
798 2 768 896
798 3 1139 594
798 1 568 683
799 2 761 897
799 3 1138 594
799 1 571 676
800 2 756 896
800 3 1138 595
800 1 574 668
801 2 758 890
801 3 1127 596
801 1 580 679
802 2 754 889
802 3 1125 597
802 1 583 675
803 2 751 887
803 3 1123 598
803 1 585 672
804 2 746 886
804 3 1121 599
804 1 588 668
805 2 742 884
805 3 1120 599
805 1 591 665
806 2 717 877
806 3 1097 596
806 1 592 651
807 2 710 875
807 3 1093 596
807 1 594 647
808 2 705 872
808 3 1090 597
808 1 597 643
809 2 699 869
809 3 1086 597
809 1 600 639
810 2 692 867
810 3 1083 598
810 1 602 635
811 2 675 858
811 3 1074 595
811 1 627 639
812 2 668 853
812 3 1070 595
812 1 632 637
813 2 662 850
813 3 1066 595
813 1 636 635
814 2 654 846
814 3 1063 596
814 1 638 633
815 2 648 843
815 3 1059 596
815 1 643 632
816 2 656 840
816 3 1044 595
816 1 661 644
817 2 652 837
817 3 1039 595
817 1 665 644
818 2 646 834
818 3 1034 596
818 1 669 645
819 2 642 831
819 3 1030 595
819 1 674 645
820 2 638 828
820 3 1025 595
820 1 678 646
821 2 619 827
821 3 1016 591
821 1 691 648
822 2 612 825
822 3 1010 590
822 1 697 648
823 2 606 823
823 3 1006 589
823 1 699 648
824 2 602 820
824 3 1001 588
824 1 705 649
825 2 595 818
825 3 996 587
825 1 709 649
826 2 586 812
826 3 1000 582
826 1 739 653
827 2 581 809
827 3 997 581
827 1 748 653
828 2 574 806
828 3 993 579
828 1 753 653
829 2 567 803
829 3 989 577
829 1 758 653
830 2 563 799
830 3 987 576
830 1 764 652
831 2 575 791
831 3 976 567
831 1 788 656
832 2 571 786
832 3 971 564
832 1 796 656
833 2 569 781
833 3 967 562
833 1 800 656
834 2 564 776
834 3 963 559
834 1 806 656
835 2 562 772
835 3 960 557
835 1 812 657
836 2 564 772
836 3 953 533
836 1 821 653
837 2 562 768
837 3 950 527
837 1 826 653
838 2 557 764
838 3 946 520
838 1 832 653
839 2 555 760
839 3 943 515
839 1 836 653
840 2 553 756
840 3 939 509
840 1 840 653
841 2 548 744
841 3 939 514
841 1 864 657
842 2 546 739
842 3 935 510
842 1 871 658
843 2 544 733
843 3 932 506
843 1 876 658
844 2 539 728
844 3 929 503
844 1 882 659
845 2 537 723
845 3 926 499
845 1 887 660
846 2 553 721
846 3 927 499
846 1 904 669
847 2 553 717
847 3 925 497
847 1 910 670
848 2 551 713
848 3 923 494
848 1 915 672
849 2 551 709
849 3 921 492
849 1 921 674
850 2 549 704
850 3 919 489
850 1 927 675
851 2 547 695
851 3 911 467
851 1 934 684
852 2 544 692
852 3 907 461
852 1 939 687
853 2 544 688
853 3 904 456
853 1 943 688
854 2 542 686
854 3 902 451
854 1 948 690
855 2 542 683
855 3 900 446
855 1 952 691
856 2 548 669
856 3 886 443
856 1 982 682
857 2 549 664
857 3 882 439
857 1 989 681
858 2 549 659
858 3 879 434
858 1 995 680
859 2 549 655
859 3 875 430
859 1 1000 679
860 2 547 649
860 3 871 426
860 1 1006 679
861 2 558 644
861 3 880 429
861 1 1017 670
862 2 558 640
862 3 878 426
862 1 1023 668
863 2 558 635
863 3 875 424
863 1 1028 666
864 2 561 631
864 3 874 421
864 1 1033 664
865 2 561 628
865 3 872 419
865 1 1038 663
866 2 576 623
866 3 892 407
866 1 1063 654
867 2 579 619
867 3 893 402
867 1 1068 651
868 2 582 615
868 3 893 398
868 1 1074 648
869 2 582 611
869 3 893 393
869 1 1079 645
870 2 585 607
870 3 894 390
870 1 1085 643
871 2 594 608
871 3 901 382
871 1 1094 655
872 2 597 605
872 3 901 378
872 1 1099 655
873 2 600 602
873 3 901 373
873 1 1104 655
874 2 602 599
874 3 902 369
874 1 1109 655
875 2 605 597
875 3 902 366
875 1 1112 654
876 2 603 593
876 3 902 368
876 1 1112 657
877 2 605 590
877 3 902 366
877 1 1116 657
878 2 608 588
878 3 902 363
878 1 1119 658
879 2 610 585
879 3 902 362
879 1 1122 658
880 2 610 583
880 3 902 360
880 1 1126 658
881 2 629 580
881 3 876 342
881 1 1122 642
882 2 633 578
882 3 873 339
882 1 1124 639
883 2 636 575
883 3 871 335
883 1 1127 637
884 2 640 574
884 3 868 333
884 1 1129 634
885 2 643 572
885 3 866 330
885 1 1131 633
886 2 674 575
886 3 851 320
886 1 1129 626
887 2 680 574
887 3 847 317
887 1 1130 623
888 2 686 573
888 3 842 313
888 1 1132 621
889 2 691 573
889 3 840 310
889 1 1133 620
890 2 696 573
890 3 836 305
890 1 1135 617
891 2 712 578
891 3 831 305
891 1 1131 627
892 2 717 578
892 3 827 301
892 1 1132 627
893 2 721 578
893 3 824 298
893 1 1133 628
894 2 725 577
894 3 821 293
894 1 1134 628
895 2 730 578
895 3 818 289
895 1 1135 628
896 2 735 582
896 3 811 281
896 1 1126 622
897 2 739 582
897 3 808 278
897 1 1126 622
898 2 742 582
898 3 803 272
898 1 1126 621
899 2 744 582
899 3 802 269
899 1 1126 621
900 2 750 581
900 3 799 266
900 1 1126 621
901 2 753 580
901 3 797 262
901 1 1103 601
902 2 757 579
902 3 794 258
902 1 1101 598
903 2 759 578
903 3 793 256
903 1 1099 595
904 2 762 578
904 3 790 253
904 1 1097 592
905 2 765 577
905 3 788 251
905 1 1096 589
906 2 766 572
906 3 786 250
906 1 1077 584
907 2 768 571
907 3 785 249
907 1 1073 581
908 2 771 570
908 3 783 247
908 1 1070 578
909 2 773 569
909 3 782 245
909 1 1067 575
910 2 774 567
910 3 780 245
910 1 1064 572
911 2 780 564
911 3 766 243
911 1 1056 569
912 2 783 563
912 3 762 242
912 1 1052 567
913 2 785 561
913 3 759 241
913 1 1049 564
914 2 786 560
914 3 755 241
914 1 1045 562
915 2 790 559
915 3 753 241
915 1 1042 560
916 2 804 553
916 3 742 237
916 1 1032 550
917 2 808 551
917 3 739 236
917 1 1029 546
918 2 811 550
918 3 735 235
918 1 1026 544
919 2 814 549
919 3 731 234
919 1 1023 541
920 2 817 548
920 3 727 233
920 1 1019 538
921 2 820 548
921 3 722 231
921 1 1020 538
922 2 823 548
922 3 718 230
922 1 1018 536
923 2 824 547
923 3 714 229
923 1 1015 533
924 2 827 547
924 3 710 228
924 1 1013 532
925 2 829 546
925 3 706 227
925 1 1011 529
926 2 829 549
926 3 700 225
926 1 999 525
927 2 830 549
927 3 696 224
927 1 996 524
928 2 833 550
928 3 692 222
928 1 992 522
929 2 835 550
929 3 688 221
929 1 990 519
930 2 836 550
930 3 683 220
930 1 986 517
931 2 837 552
931 3 675 217
931 1 974 511
932 2 839 553
932 3 671 216
932 1 970 509
933 2 840 553
933 3 666 215
933 1 966 507
934 2 843 554
934 3 662 213
934 1 962 505
935 2 844 554
935 3 658 212
935 1 958 502
936 2 844 556
936 3 637 211
936 1 959 496
937 2 845 556
937 3 630 209
937 1 956 493
938 2 847 556
938 3 625 210
938 1 953 490
939 2 848 557
939 3 618 208
939 1 950 487
940 2 850 557
940 3 614 207
940 1 947 485
941 2 837 551
941 3 614 203
941 1 929 459
942 2 837 550
942 3 609 202
942 1 925 452
943 2 837 550
943 3 604 201
943 1 920 446
944 2 836 548
944 3 599 200
944 1 916 440
945 2 836 547
945 3 597 200
945 1 912 435
946 2 826 543
946 3 604 206
946 1 875 408
947 2 825 542
947 3 601 206
947 1 869 400
948 2 825 540
948 3 599 206
948 1 861 393
949 2 824 539
949 3 594 205
949 1 855 386
950 2 822 537
950 3 591 205
950 1 847 378
951 2 819 536
951 3 592 227
951 1 831 371
952 2 818 534
952 3 589 231
952 1 824 364
953 2 818 533
953 3 584 234
953 1 816 358
954 2 817 531
954 3 581 238
954 1 809 351
955 2 815 529
955 3 579 241
955 1 801 345
956 2 810 518
956 3 576 245
956 1 801 346
957 2 809 515
957 3 573 248
957 1 795 342
958 2 807 511
958 3 570 251
958 1 789 336
959 2 806 508
959 3 567 253
959 1 782 332
960 2 805 504
960 3 565 255
960 1 776 325
961 2 800 498
961 3 526 217
961 1 776 327
962 2 799 493
962 3 520 215
962 1 769 322
963 2 798 490
963 3 512 213
963 1 763 317
964 2 796 486
964 3 506 211
964 1 759 314
965 2 795 481
965 3 500 208
965 1 754 310
966 2 789 479
966 3 493 230
966 1 758 306
967 2 787 476
967 3 489 233
967 1 755 302
968 2 786 473
968 3 486 237
968 1 749 297
969 2 785 469
969 3 480 239
969 1 744 292
970 2 783 465
970 3 476 243
970 1 743 289
971 2 771 453
971 3 488 247
971 1 739 281
972 2 768 447
972 3 488 250
972 1 736 276
973 2 766 443
973 3 485 253
973 1 732 272
974 2 763 439
974 3 482 255
974 1 729 268
975 2 761 436
975 3 479 257
975 1 725 265
976 2 755 428
976 3 464 243
976 1 714 258
977 2 755 426
977 3 461 243
977 1 708 253
978 2 753 423
978 3 461 246
978 1 704 250
979 2 752 420
979 3 457 246
979 1 700 247
980 2 750 417
980 3 454 246
980 1 697 244
981 2 748 421
981 3 451 247
981 1 692 243
982 2 747 419
982 3 451 250
982 1 688 240
983 2 745 418
983 3 451 253
983 1 684 237
984 2 743 416
984 3 447 253
984 1 680 235
985 2 741 416
985 3 444 253
985 1 676 232
986 2 736 418
986 3 456 267
986 1 678 233
987 2 734 417
987 3 453 269
987 1 674 230
988 2 732 417
988 3 453 271
988 1 670 227
989 2 730 417
989 3 449 274
989 1 666 224
990 2 728 417
990 3 449 275
990 1 664 222
991 2 715 413
991 3 449 277
991 1 662 219
992 2 713 413
992 3 446 278
992 1 657 216
993 2 709 412
993 3 446 281
993 1 653 213
994 2 707 412
994 3 445 283
994 1 651 211
995 2 704 410
995 3 442 284
995 1 647 208
996 2 708 408
996 3 418 306
996 1 633 199
997 2 708 408
997 3 417 312
997 1 629 196
998 2 706 407
998 3 414 318
998 1 624 193
999 2 704 405
999 3 410 323
999 1 622 192
1000 2 702 404
1000 3 406 328
1000 1 617 190
1001 2 714 405
1001 3 412 342
1001 1 610 187
1002 2 714 404
1002 3 412 349
1002 1 605 185
1003 2 714 403
1003 3 411 355
1003 1 600 182
1004 2 712 400
1004 3 407 361
1004 1 595 180
1005 2 712 399
1005 3 407 368
1005 1 593 179
1006 2 724 402
1006 3 406 385
1006 1 567 169
1007 2 724 401
1007 3 405 393
1007 1 560 166
1008 2 726 400
1008 3 405 402
1008 1 552 162
1009 2 726 399
1009 3 405 409
1009 1 546 160
1010 2 726 398
1010 3 404 418
1010 1 541 157
1011 2 736 388
1011 3 398 403
1011 1 538 154
1012 2 736 383
1012 3 398 408
1012 1 533 151
1013 2 738 381
1013 3 394 410
1013 1 527 149
1014 2 738 377
1014 3 394 415
1014 1 522 145
1015 2 739 374
1015 3 394 419
1015 1 516 141
1016 2 766 376
1016 3 403 437
1016 1 527 148
1017 2 769 374
1017 3 402 442
1017 1 527 148
1018 2 771 370
1018 3 402 448
1018 1 524 146
1019 2 775 368
1019 3 402 453
1019 1 522 145
1020 2 777 365
1020 3 402 458
1020 1 516 141
1021 2 778 369
1021 3 407 471
1021 1 502 131
1022 2 780 366
1022 3 410 479
1022 1 496 128
1023 2 782 365
1023 3 410 484
1023 1 493 125
1024 2 784 362
1024 3 410 489
1024 1 490 124
1025 2 787 362
1025 3 413 495
1025 1 487 121
1026 2 782 344
1026 3 403 489
1026 1 496 123
1027 2 784 340
1027 3 403 493
1027 1 494 118
1028 2 784 336
1028 3 402 497
1028 1 491 111
1029 2 786 333
1029 3 402 500
1029 1 491 109
1030 2 786 329
1030 3 402 505
1030 1 488 102
1031 2 814 344
1031 3 408 518
1031 1 500 114
1032 2 818 342
1032 3 408 523
1032 1 500 113
1033 2 821 342
1033 3 411 529
1033 1 497 111
1034 2 824 339
1034 3 410 535
1034 1 497 109
1035 2 826 338
1035 3 413 541
1035 1 497 109
1036 2 810 332
1036 3 422 560
1036 1 491 113
1037 2 811 330
1037 3 425 567
1037 1 491 114
1038 2 812 328
1038 3 424 574
1038 1 491 115
1039 2 812 326
1039 3 427 581
1039 1 488 111
1040 2 812 324
1040 3 430 589
1040 1 485 106
1041 2 799 314
1041 3 430 586
1041 1 479 102
1042 2 797 312
1042 3 433 592
1042 1 479 102
1043 2 797 310
1043 3 436 596
1043 1 479 101
1044 2 796 308
1044 3 435 601
1044 1 479 101
1045 2 796 307
1045 3 438 606
1045 1 479 101
1046 2 783 299
1046 3 456 621
1047 2 781 296
1047 3 459 626
1048 2 780 295
1048 3 461 632
1049 2 778 293
1049 3 464 637
1050 2 777 291
1050 3 467 643
1051 2 763 290
1051 3 493 647
1052 2 759 289
1052 3 498 652
1053 2 757 289
1053 3 503 656
1054 2 755 289
1054 3 509 661
1055 2 752 288
1055 3 514 665
1056 2 724 282
1056 3 522 669
1056 1 306 -16
1057 2 720 283
1057 3 524 672
1057 1 298 -22
1058 2 714 282
1058 3 529 676
1058 1 290 -27
1059 2 710 282
1059 3 534 680
1059 1 282 -33
1060 2 704 281
1060 3 537 684
1060 1 274 -38
1061 2 682 275
1061 3 536 691
1061 1 273 -33
1062 2 675 275
1062 3 539 695
1062 1 269 -34
1063 2 669 274
1063 3 541 700
1063 1 256 -42
1064 2 663 273
1064 3 546 704
1064 1 252 -43
1065 2 656 272
1065 3 548 708
1065 1 247 -45
1066 2 647 267
1066 3 560 723
1066 1 256 -36
1067 2 641 265
1067 3 562 729
1067 1 256 -35
1068 2 636 265
1068 3 567 734
1068 1 251 -37
1069 2 629 262
1069 3 569 740
1069 1 251 -36
1070 2 620 259
1070 3 573 746
1070 1 247 -37
1071 2 591 245
1071 3 583 742
1071 1 247 -33
1072 2 581 241
1072 3 588 746
1072 1 242 -33
1073 2 574 238
1073 3 592 750
1073 1 238 -35
1074 2 566 235
1074 3 594 754
1074 1 233 -36
1075 2 558 232
1075 3 599 757
1075 1 233 -35
1076 2 550 231
1076 3 598 762
1076 1 238 -30
1077 2 542 229
1077 3 600 765
1077 1 233 -32
1078 2 536 228
1078 3 605 769
1078 1 233 -29
1079 2 531 227
1079 3 607 772
1079 1 228 -31
1080 2 522 224
1080 3 611 776
1080 1 228 -30
1081 2 520 223
1081 3 636 805
1081 1 224 -31
1082 2 514 221
1082 3 639 812
1082 1 219 -33
1083 2 508 219
1083 3 643 818
1083 1 219 -32
1084 2 502 217
1084 3 649 825
1084 1 215 -33
1085 2 497 215
1085 3 653 831
1085 1 214 -32
1086 2 470 201
1086 3 670 819
1087 2 464 199
1087 3 676 822
1088 2 454 196
1088 3 681 826
1089 2 448 192
1089 3 685 828
1090 2 442 189
1090 3 690 832
1091 2 442 186
1091 3 703 833
1092 2 435 182
1092 3 707 836
1093 2 429 178
1093 3 712 839
1094 2 422 174
1094 3 717 842
1095 2 419 170
1095 3 723 844
1096 2 429 173
1096 3 734 838
1097 2 426 170
1097 3 739 839
1098 2 423 167
1098 3 744 841
1099 2 423 166
1099 3 747 842
1100 2 423 163
1100 3 752 844
1101 2 437 158
1101 3 763 846
1102 2 437 154
1102 3 768 848
1103 2 437 151
1103 3 773 849
1104 2 437 148
1104 3 777 851
1105 2 438 146
1105 3 782 852
1106 2 451 135
1106 3 791 878
1107 2 455 132
1107 3 795 883
1108 2 455 128
1108 3 799 888
1109 2 455 125
1109 3 802 892
1110 2 456 121
1110 3 806 896
1111 2 459 120
1111 3 811 907
1112 2 456 115
1112 3 814 913
1113 2 456 112
1113 3 817 917
1114 2 456 110
1114 3 821 920
1115 2 460 109
1115 3 823 923
1116 2 457 105
1116 3 846 902
1117 2 454 99
1117 3 850 901
1118 2 454 97
1118 3 854 900
1119 2 454 94
1119 3 858 899
1120 2 454 92
1120 3 862 899
1121 2 451 96
1121 3 864 887
1122 2 451 95
1122 3 868 883
1123 2 451 94
1123 3 871 881
1124 2 448 92
1124 3 875 878
1125 2 448 91
1125 3 879 875
1126 2 435 75
1126 3 890 869
1127 2 432 70
1127 3 893 866
1128 2 432 68
1128 3 897 863
1129 2 429 64
1129 3 900 860
1130 2 429 63
1130 3 903 858
1131 2 426 60
1131 3 921 860
1132 2 426 59
1132 3 926 858
1133 2 423 56
1133 3 931 856
1134 2 423 54
1134 3 935 855
1135 2 420 52
1135 3 939 853
1136 3 954 840
1137 3 959 836
1138 3 964 832
1139 3 968 829
1140 3 973 825
1141 3 973 822
1142 3 977 818
1143 3 980 815
1144 3 983 811
1145 3 986 808
1146 3 979 792
1147 3 981 787
1148 3 983 781
1149 3 986 776
1150 3 988 770
1151 3 984 764
1152 3 985 759
1153 3 986 753
1154 3 989 749
1155 3 990 744
1156 3 984 746
1157 3 985 743
1158 3 986 740
1159 3 986 737
1160 3 987 734
1161 3 979 708
1162 3 979 700
1163 3 979 693
1164 3 979 687
1165 3 979 681
1166 3 971 673
1167 3 970 666
1168 3 970 659
1169 3 969 653
1170 3 969 647
1171 3 956 651
1172 3 954 647
1173 3 954 644
1174 3 952 640
1175 3 951 637
1176 3 941 601
1177 3 939 592
1178 3 938 584
1179 3 936 576
1180 3 935 568
1181 3 930 571
1182 3 928 565
1183 3 927 560
1184 3 925 555
1185 3 923 550
1186 3 903 540
1187 3 898 534
1188 3 895 529
1189 3 892 524
1190 3 888 519
1191 3 861 515
1192 3 856 511
1193 3 849 505
1194 3 844 501
1195 3 838 496
1196 3 841 498
1197 3 837 494
1198 3 833 491
1199 3 829 487
1200 3 825 482
1201 3 800 461
1202 3 794 455
1203 3 788 449
1204 3 781 444
1205 3 777 439
1206 3 768 435
1207 3 764 430
1208 3 759 426
1209 3 754 422
1210 3 748 417
1211 3 750 417
1212 3 747 414
1213 3 743 412
1214 3 736 407
1215 3 735 405
1216 3 713 390
1217 3 707 385
1218 3 702 380
1219 3 696 376
1220 3 688 369
1221 3 680 366
1222 3 674 361
1223 3 668 356
1224 3 662 351
1225 3 656 345
1226 3 645 339
1227 3 640 335
1228 3 634 330
1229 3 630 326
1230 3 623 322
1231 3 612 300
1231 4 256 -33
1232 3 608 293
1232 4 256 -33
1233 3 603 287
1233 4 256 -33
1234 3 596 279
1234 4 256 -33
1235 3 592 274
1235 4 256 -33
1236 3 592 273
1236 4 256 -34
1237 3 587 267
1237 4 256 -34
1238 3 582 262
1238 4 256 -34
1239 3 578 258
1239 4 256 -34
