6 1 534 453
7 1 531 454
8 1 528 455
9 1 526 455
10 1 524 456
11 1 521 457
12 1 519 458
13 1 517 458
14 1 515 459
15 1 512 460
256 2 686 396
257 2 690 395
258 2 694 394
259 2 698 394
260 2 701 394
261 2 718 408
262 2 724 411
263 2 730 413
264 2 735 415
265 2 741 418
266 2 743 438
267 2 749 444
268 2 753 449
269 2 758 454
270 2 762 458
271 2 769 460
272 2 774 465
273 2 780 469
274 2 784 472
275 2 789 475
276 2 795 491
277 2 800 497
278 2 804 502
279 2 809 507
280 2 813 511
281 2 825 511
282 2 829 515
283 2 835 518
284 2 840 520
285 2 844 524
286 2 860 541
287 2 865 547
288 2 870 552
289 2 876 557
290 2 880 562
291 2 886 565
292 2 890 570
293 2 895 574
294 2 899 578
295 2 903 581
296 2 919 582
297 2 923 586
298 2 929 589
299 2 933 592
300 2 938 596
301 2 947 608
302 2 952 613
303 2 956 618
304 2 961 622
305 2 965 626
306 2 980 623
307 2 983 627
308 2 987 630
309 2 992 633
310 2 997 636
311 2 1007 638
312 2 1012 641
313 2 1017 644
314 2 1022 646
315 2 1026 650
316 2 1040 648
317 2 1046 651
318 2 1051 653
319 2 1056 655
320 2 1061 657
321 2 1077 657
322 2 1082 658
323 2 1087 659
324 2 1093 661
325 2 1100 662
326 2 1102 660
327 2 1107 661
328 2 1111 663
329 2 1116 664
330 2 1122 665
331 2 1120 677
332 2 1123 680
333 2 1127 684
334 2 1131 687
335 2 1130 689
336 2 1127 696
337 2 1128 700
338 2 1130 703
339 2 1132 706
340 2 1134 708
341 2 1138 704
342 2 1142 705
343 2 1143 707
344 2 1145 707
345 2 1147 708
346 2 1145 704
347 2 1147 703
348 2 1149 703
349 2 1151 703
350 2 1151 702
351 2 1151 694
352 2 1153 692
353 2 1155 691
354 2 1155 689
355 2 1159 687
356 2 1169 681
357 2 1171 679
358 2 1175 677
359 2 1177 675
360 2 1180 674
361 2 1188 676
362 2 1190 675
363 2 1194 674
364 2 1196 673
365 2 1198 673
366 2 1202 677
367 2 1204 678
368 2 1206 678
369 2 1208 677
370 2 1210 678
371 2 1197 695
371 3 449 509
372 2 1199 697
372 3 459 506
373 2 1199 700
373 3 468 502
374 2 1199 702
374 3 477 499
375 2 1199 704
375 3 485 496
376 2 1193 719
376 3 445 525
377 2 1193 722
377 3 446 527
378 2 1193 725
378 3 446 529
379 2 1193 728
379 3 447 531
380 2 1192 731
380 3 447 533
381 2 1194 750
381 3 437 540
382 2 1194 754
382 3 437 542
383 2 1194 759
383 3 436 544
384 2 1194 763
384 3 436 546
385 2 1194 767
385 3 435 548
386 2 1181 785
386 3 437 551
387 2 1179 791
387 3 436 553
388 2 1179 796
388 3 436 555
389 2 1177 802
389 3 436 557
390 2 1177 807
390 3 435 559
391 2 1159 808
391 3 434 597
392 2 1157 812
392 3 434 604
393 2 1155 816
393 3 433 612
394 2 1152 819
394 3 433 618
395 2 1150 823
395 3 432 624
396 2 1142 834
396 3 436 625
397 2 1139 838
397 3 436 631
398 2 1137 842
398 3 436 636
399 2 1135 845
399 3 436 640
400 2 1133 848
400 3 436 644
401 2 1108 846
401 3 439 648
402 2 1105 848
402 3 440 652
403 2 1099 850
403 3 441 656
404 2 1096 852
404 3 442 659
405 2 1092 854
405 3 442 663
406 2 1081 840
406 3 444 672
407 2 1078 839
407 3 445 676
408 2 1076 838
408 3 445 680
409 2 1071 838
409 3 446 684
410 2 1068 837
410 3 447 688
411 2 1042 832
411 3 449 690
412 2 1037 831
412 3 450 693
413 2 1032 830
413 3 451 697
414 2 1027 829
414 3 452 700
415 2 1022 828
415 3 453 703
416 2 1006 830
416 3 467 712
417 2 1002 829
417 3 470 717
418 2 997 829
418 3 472 720
419 2 992 829
419 3 474 724
420 2 988 829
420 3 476 728
421 2 979 829
421 3 478 734
422 2 976 829
422 3 479 738
423 2 971 829
423 3 481 743
424 2 967 829
424 3 483 746
425 2 964 829
425 3 485 750
426 2 967 823
426 3 512 754
427 2 964 822
427 3 516 758
428 2 962 821
428 3 520 762
429 2 959 821
429 3 525 765
430 2 956 820
430 3 528 769
431 2 1004 803
431 3 538 778
432 2 1006 800
432 3 542 782
433 2 1009 797
433 3 546 787
434 2 1010 795
434 3 549 790
435 2 1012 792
435 3 553 794
436 2 1014 789
436 3 555 801
437 2 1015 786
437 3 558 805
438 2 1019 784
438 3 561 809
439 2 1020 782
439 3 564 812
440 2 1022 780
440 3 567 815
441 3 565 816
442 3 567 819
443 3 569 822
444 3 571 825
445 3 573 827
446 2 905 725
446 3 607 828
447 2 899 718
447 3 611 831
448 2 892 713
448 3 616 832
449 2 886 707
449 3 621 834
450 2 879 702
450 3 625 836
451 2 867 693
451 3 634 842
452 2 861 687
452 3 639 844
453 2 855 682
453 3 643 847
454 2 848 677
454 3 648 849
455 2 844 671
455 3 652 851
456 2 846 665
456 3 672 861
457 2 843 659
457 3 678 865
458 2 838 654
458 3 684 868
459 2 835 649
459 3 690 871
460 2 831 644
460 3 694 874
461 2 835 649
461 3 708 878
462 2 832 646
462 3 714 881
463 2 829 644
463 3 720 884
464 2 826 641
464 3 726 886
465 2 824 640
465 3 731 888
466 2 856 606
466 3 730 883
467 2 856 599
467 3 735 884
468 2 856 593
468 3 740 885
469 2 857 587
469 3 744 886
470 2 857 581
470 3 748 887
471 2 858 573
471 3 780 878
472 2 859 566
472 3 787 877
473 2 860 561
473 3 795 876
474 2 860 555
474 3 802 876
475 2 861 550
475 3 809 875
476 2 856 554
476 3 817 874
477 2 855 551
477 3 825 872
478 2 855 547
478 3 831 872
479 2 855 545
479 3 837 871
480 2 854 542
480 3 843 871
481 2 848 517
481 3 838 875
482 2 847 511
482 3 843 875
483 2 846 505
483 3 848 876
484 2 845 500
484 3 853 876
485 2 845 495
485 3 858 876
486 2 849 491
486 3 877 880
487 2 848 486
487 3 883 881
488 2 848 482
488 3 888 882
489 2 847 478
489 3 894 882
490 2 847 474
490 3 899 883
491 2 855 465
491 3 903 880
492 2 856 461
492 3 909 880
493 2 856 457
493 3 914 880
494 2 856 453
494 3 918 880
495 2 856 450
495 3 924 880
496 2 857 447
496 3 923 871
497 2 857 444
497 3 927 870
498 2 857 440
498 3 931 868
499 2 858 437
499 3 934 867
500 2 859 435
500 3 938 866
501 2 862 437
501 3 959 852
502 2 862 436
502 3 963 849
503 2 862 434
503 3 969 845
504 2 862 433
504 3 975 843
505 2 862 432
505 3 981 841
506 2 864 418
506 3 985 836
506 5 424 540
507 2 864 415
507 3 989 834
507 5 424 542
508 2 864 412
508 3 994 831
508 5 425 543
509 2 864 409
509 3 999 829
509 5 425 544
510 2 864 407
510 3 1003 827
510 5 425 546
511 2 868 390
511 3 1008 826
511 5 429 541
512 2 868 386
512 3 1011 824
512 5 430 541
513 2 870 381
513 3 1016 822
513 5 430 542
514 2 870 378
514 3 1019 821
514 5 430 543
515 2 870 376
515 3 1024 820
515 5 430 544
516 2 872 377
516 3 1044 817
516 5 431 557
517 2 872 375
517 3 1049 815
517 5 431 560
518 2 874 373
518 3 1054 814
518 5 431 562
519 2 874 372
519 3 1059 812
519 5 431 565
520 2 875 370
520 3 1065 811
520 5 432 567
521 2 902 366
521 3 1070 799
521 5 428 603
522 2 906 365
522 3 1077 796
522 5 428 610
523 2 909 364
523 3 1081 793
523 5 428 616
524 2 913 363
524 3 1086 790
524 5 428 623
525 2 916 362
525 3 1090 787
525 5 429 629
526 2 920 361
526 3 1086 784
526 5 425 644
527 2 922 360
527 3 1090 781
527 5 426 651
528 2 925 359
528 3 1094 779
528 5 426 658
529 2 928 359
529 3 1097 777
529 5 425 665
530 2 932 357
530 3 1101 775
530 5 426 670
531 2 934 356
531 3 1087 757
531 5 427 678
532 2 935 356
532 3 1089 753
532 5 427 684
533 2 938 354
533 3 1091 749
533 5 427 690
534 2 939 354
534 3 1092 745
534 5 428 696
535 2 942 352
535 3 1094 741
535 5 428 701
536 2 951 351
536 3 1095 730
536 5 427 716
537 2 954 350
537 3 1095 725
537 5 427 723
538 2 955 349
538 3 1098 721
538 5 428 729
539 2 958 348
539 3 1099 716
539 5 428 735
540 2 961 347
540 3 1099 713
540 5 428 740
541 2 967 340
541 3 1092 701
541 5 424 759
542 2 968 339
542 3 1094 695
542 5 423 766
543 2 971 337
543 3 1095 691
543 5 423 773
544 2 974 335
544 3 1099 686
544 5 423 780
545 2 976 334
545 3 1105 682
545 5 423 786
546 2 976 333
546 3 1101 679
546 5 424 781
547 2 977 331
547 3 1099 676
547 5 424 785
548 2 979 330
548 3 1099 672
548 5 424 790
549 2 980 329
549 3 1100 668
549 5 424 794
550 2 982 328
550 3 1100 666
550 5 424 797
551 2 988 322
551 3 1066 666
551 5 426 817
552 2 991 321
552 3 1063 663
552 5 426 823
553 2 993 319
553 3 1061 660
553 5 427 828
554 2 994 317
554 3 1058 658
554 5 427 833
555 2 996 315
555 3 1054 655
555 5 427 838
556 2 993 314
556 3 1033 661
556 5 430 833
557 2 993 313
557 3 1029 659
557 5 430 836
558 2 994 311
558 3 1025 658
558 5 430 839
559 2 994 308
559 3 1021 656
559 5 430 842
560 2 996 307
560 3 1017 654
560 5 430 844
561 2 967 315
561 3 1007 657
561 5 433 834
562 2 966 314
562 3 1002 656
562 5 433 834
563 2 963 313
563 3 999 655
563 5 433 835
564 2 962 311
564 3 996 654
564 5 433 835
565 2 959 311
565 3 992 654
565 5 434 835
566 2 949 310
566 3 979 649
566 5 431 836
567 2 947 308
567 3 973 648
567 5 431 836
568 2 944 307
568 3 969 646
568 5 430 837
569 2 942 306
569 3 965 644
569 5 430 837
570 2 939 305
570 3 960 642
570 5 430 837
571 2 939 294
571 3 936 635
571 5 434 854
572 2 936 291
572 3 930 632
572 5 434 858
573 2 935 288
573 3 925 629
573 5 435 861
574 2 934 285
574 3 921 627
574 5 435 864
575 2 931 283
575 3 915 624
575 5 435 868
576 2 908 294
576 3 912 613
576 5 458 870
577 2 902 294
577 3 906 609
577 5 460 873
578 2 900 293
578 3 902 606
578 5 462 876
579 2 896 292
579 3 898 603
579 5 464 878
580 2 892 292
580 3 894 600
580 5 466 880
581 2 880 296
581 3 869 608
581 5 474 878
582 2 875 296
582 3 862 607
582 5 477 878
583 2 871 296
583 3 857 606
583 5 479 880
584 2 868 296
584 3 852 605
584 5 482 881
585 2 863 297
585 3 848 605
585 5 484 882
586 2 863 292
586 3 839 608
586 5 484 895
587 2 860 291
587 3 834 608
587 5 486 899
588 2 857 291
588 3 830 608
588 5 488 902
589 2 853 291
589 3 825 608
589 5 490 905
590 2 851 290
590 3 820 607
590 5 491 907
591 2 834 299
591 3 806 607
591 5 525 915
592 2 830 299
592 3 802 606
592 5 529 918
593 2 827 300
593 3 796 606
593 5 534 921
594 2 823 300
594 3 791 605
594 5 538 924
595 2 819 301
595 3 787 604
595 5 542 926
596 2 799 312
596 3 770 603
596 5 565 927
597 2 794 314
597 3 764 603
597 5 571 929
598 2 789 316
598 3 759 602
598 5 576 930
599 2 784 318
599 3 753 602
599 5 581 932
600 2 780 319
600 3 749 601
600 5 586 934
601 2 773 324
601 3 739 591
601 5 584 926
602 2 769 326
602 3 734 588
602 5 588 926
603 2 765 326
603 3 729 586
603 5 593 927
604 2 759 328
604 3 724 585
604 5 596 926
605 2 754 330
605 3 719 583
605 5 600 926
606 2 756 331
606 3 693 588
606 5 596 922
607 2 753 333
607 3 687 587
607 5 599 922
608 2 750 335
608 3 681 587
608 5 603 921
609 2 747 336
609 3 676 586
609 5 606 921
610 2 744 338
610 3 671 586
610 5 608 921
611 2 730 341
611 3 666 593
611 5 638 922
612 2 727 341
612 3 662 593
612 5 642 922
613 2 723 342
613 3 657 594
613 5 648 922
614 2 719 344
614 3 653 595
614 5 653 921
615 2 716 346
615 3 647 596
615 5 658 921
616 2 699 350
616 3 637 599
616 5 674 924
617 2 695 351
617 3 632 600
617 5 680 925
618 2 691 352
618 3 627 601
618 5 685 925
619 2 686 354
619 3 623 602
619 5 691 926
620 2 682 356
620 3 618 602
620 5 695 926
621 2 677 359
621 3 595 599
621 5 693 929
622 2 673 361
622 3 590 599
622 5 698 930
623 2 669 363
623 3 584 599
623 5 702 931
624 2 666 364
624 3 579 599
624 5 706 932
625 2 661 366
625 3 574 599
625 5 710 933
626 3 558 598
626 5 707 934
627 3 552 598
627 5 710 935
628 3 547 598
628 5 713 936
629 3 542 597
629 5 717 938
630 3 538 597
630 5 719 938
631 3 516 601
631 5 741 942
632 3 511 601
632 5 746 942
633 3 505 601
633 5 750 944
634 3 501 601
634 5 755 944
635 3 496 601
635 5 759 945
636 3 492 604
636 5 766 949
637 3 488 605
637 5 771 950
638 3 484 605
638 5 775 951
639 3 480 606
639 5 779 953
640 3 477 607
640 5 782 953
641 3 482 608
641 5 781 954
642 3 480 609
642 5 785 956
643 3 477 610
643 5 788 957
644 3 474 611
644 5 791 957
645 3 472 612
645 5 795 958
646 3 477 614
646 5 800 956
647 3 475 616
647 5 804 956
648 3 474 617
648 5 807 956
649 3 472 618
649 5 809 956
650 3 471 619
650 5 813 956
651 3 500 621
651 5 844 955
652 3 502 623
652 5 850 955
653 3 503 625
653 5 856 955
654 3 504 627
654 5 861 954
655 3 506 628
655 5 868 954
656 3 538 624
656 5 877 943
657 3 542 625
657 5 883 941
658 3 546 626
658 5 889 939
659 3 550 627
659 5 895 937
660 3 553 628
660 5 899 934
661 3 565 625
661 5 897 918
662 3 570 625
662 5 901 912
663 3 573 625
663 5 905 908
664 3 577 626
664 5 911 904
665 3 581 626
665 5 915 900
666 3 620 619
666 5 909 901
667 3 627 619
667 5 912 898
668 3 635 618
668 5 915 896
669 3 642 618
669 5 919 894
670 3 649 617
670 5 922 891
671 3 669 620
671 5 938 876
672 3 677 621
672 5 942 872
673 3 684 622
673 5 947 867
674 3 692 622
674 5 950 863
675 3 700 623
675 5 954 859
676 3 724 624
676 5 959 841
677 3 733 625
677 5 962 834
678 3 741 626
678 5 967 829
679 3 750 627
679 5 970 824
680 3 758 627
680 5 973 820
681 3 758 627
681 5 977 823
682 3 765 628
682 5 980 820
683 3 772 628
683 5 983 817
684 3 777 628
684 5 987 814
685 3 784 628
685 5 990 812
686 3 781 626
686 5 988 803
687 3 785 626
687 5 990 799
688 3 790 625
688 5 993 796
689 3 795 625
689 5 995 793
690 3 799 624
690 5 998 791
691 3 824 615
691 5 996 796
692 3 831 613
692 5 998 795
693 3 838 611
693 5 999 794
694 3 844 610
694 5 1001 793
695 3 850 609
695 5 1003 792
696 3 855 609
696 5 1008 812
697 3 861 609
697 5 1012 815
698 3 867 608
698 5 1013 817
699 3 874 608
699 5 1015 819
700 3 879 607
700 5 1018 821
701 3 865 616
701 5 1039 834
702 3 870 616
702 5 1042 837
703 3 873 617
703 5 1045 841
704 3 877 618
704 5 1050 843
705 3 881 618
705 5 1054 846
706 3 898 619
706 5 1061 843
706 6 432 535
707 3 903 620
707 5 1064 845
707 6 438 536
708 3 909 621
708 5 1067 846
708 6 445 536
709 3 913 622
709 5 1071 847
709 6 450 537
710 3 917 622
710 5 1076 849
710 6 455 537
711 3 920 621
711 5 1078 844
711 6 431 557
712 3 924 622
712 5 1081 844
712 6 431 560
713 3 928 622
713 5 1085 844
713 6 431 564
714 3 932 622
714 5 1087 844
714 6 431 568
715 3 936 622
715 5 1090 844
715 6 431 571
716 3 951 619
716 5 1103 842
716 6 426 568
717 3 956 619
717 5 1108 841
717 6 426 570
718 3 962 618
718 5 1110 841
718 6 425 572
719 3 967 618
719 5 1114 842
719 6 424 575
720 3 971 618
720 5 1118 841
720 6 424 576
721 3 975 627
721 5 1123 834
721 6 426 584
722 3 981 629
722 5 1127 832
722 6 426 586
723 3 986 630
723 5 1129 830
723 6 425 589
724 3 990 632
724 5 1133 829
724 6 425 591
725 3 995 633
725 5 1135 828
725 6 425 594
726 3 987 640
726 5 1143 826
726 6 425 628
727 3 990 642
727 5 1145 824
727 6 425 635
728 3 993 645
728 5 1149 824
728 6 425 642
729 3 996 647
729 5 1150 822
729 6 425 649
730 3 999 649
730 5 1152 822
730 6 425 655
731 3 987 654
731 5 1154 822
731 6 427 674
732 3 987 657
732 5 1156 822
732 6 427 682
733 3 988 660
733 5 1158 822
733 6 427 690
734 3 988 663
734 5 1160 821
734 6 428 698
735 3 990 667
735 5 1162 820
735 6 428 704
736 3 990 677
736 5 1176 814
736 6 424 725
737 3 991 681
737 5 1180 812
737 6 425 734
738 3 992 686
738 5 1183 811
738 6 425 742
739 3 994 691
739 5 1187 810
739 6 425 751
740 3 995 695
740 5 1189 809
740 6 426 758
741 3 1039 693
741 5 1193 800
741 6 424 768
742 3 1042 698
742 5 1195 798
742 6 425 776
743 3 1048 701
743 5 1199 795
743 6 425 784
744 3 1052 703
744 5 1201 793
744 6 425 792
745 3 1058 707
745 5 1204 792
745 6 426 799
746 3 1072 719
746 5 1206 790
746 6 423 796
747 3 1079 725
747 5 1210 789
747 6 423 801
748 3 1082 728
748 5 1212 787
748 6 423 806
749 3 1087 732
749 5 1214 786
749 6 424 811
750 3 1091 735
750 5 1218 784
750 6 424 815
751 3 993 752
751 6 424 826
752 3 988 756
752 6 424 832
753 3 983 761
753 6 424 838
754 3 977 766
754 6 424 843
755 3 972 771
755 6 424 848
756 3 966 782
756 6 428 862
756 2 1180 725
757 3 960 787
757 6 427 869
757 2 1203 717
758 3 956 792
758 6 427 876
758 2 1203 717
759 3 951 797
759 6 427 882
759 2 1195 719
760 3 948 801
760 6 427 887
760 2 1189 719
761 3 922 807
761 5 1173 699
761 6 432 888
761 2 1189 719
762 3 917 811
762 5 1171 693
762 6 432 892
762 2 1189 719
763 3 913 814
763 5 1171 687
763 6 432 896
763 2 1187 719
764 3 907 818
764 5 1169 682
764 6 432 900
764 2 1187 719
765 3 903 824
765 5 1167 677
765 6 432 903
765 2 1187 719
766 3 894 826
766 5 1181 679
766 6 430 887
767 3 890 829
767 5 1184 676
767 6 430 887
768 3 884 833
768 5 1184 673
768 6 430 887
769 3 880 836
769 5 1184 670
769 6 430 888
770 3 875 839
770 5 1184 667
770 6 430 888
771 3 881 855
771 5 1188 650
771 6 427 858
772 3 879 859
772 5 1188 646
772 6 426 854
773 3 876 863
773 5 1190 640
773 6 426 849
774 3 872 866
774 5 1191 636
774 6 426 846
775 3 868 869
775 5 1191 631
775 6 425 842
776 3 883 881
776 5 1172 631
776 6 425 832
777 3 883 885
777 5 1173 627
777 6 425 828
778 3 882 889
778 5 1171 624
778 6 425 823
779 3 880 893
779 5 1169 620
779 6 425 819
780 3 879 896
780 5 1167 617
780 6 425 814
781 3 846 890
781 5 1153 623
781 6 433 806
782 3 843 892
782 5 1151 621
782 6 433 801
783 3 839 893
783 5 1149 619
783 6 434 795
784 3 835 894
784 5 1147 618
784 6 434 790
785 3 832 896
785 5 1145 616
785 6 435 786
786 3 805 888
786 5 1144 608
786 6 435 786
787 3 798 887
787 5 1142 605
787 6 436 782
788 3 794 887
788 5 1140 603
788 6 436 778
789 3 788 887
789 5 1140 600
789 6 436 775
790 3 783 887
790 5 1138 599
790 6 437 769
791 3 761 885
791 5 1129 599
791 6 436 764
792 3 755 885
792 5 1127 598
792 6 436 761
793 3 749 885
793 5 1125 595
793 6 437 757
794 3 743 885
794 5 1123 594
794 6 437 754
795 3 738 884
795 5 1121 593
795 6 437 751
796 3 712 889
796 5 1107 596
796 6 442 739
797 3 705 890
797 5 1103 595
797 6 443 734
798 3 699 890
798 5 1101 594
798 6 444 729
799 3 692 891
799 5 1098 592
799 6 445 725
800 3 687 892
800 5 1101 590
800 6 446 721
801 3 680 902
801 5 1101 589
801 6 465 709
802 3 675 904
802 5 1098 588
802 6 468 704
803 3 669 906
803 5 1096 587
803 6 470 698
804 3 664 907
804 5 1094 586
804 6 472 694
805 3 660 909
805 5 1092 585
805 6 475 688
806 3 657 907
806 5 1094 575
806 6 476 692
807 3 653 908
807 5 1094 573
807 6 478 689
808 3 649 908
808 5 1093 570
808 6 480 685
809 3 645 909
809 5 1091 568
809 6 481 682
810 3 641 909
810 5 1091 566
810 6 483 680
811 3 638 898
811 5 1089 568
811 6 509 659
812 3 634 897
812 5 1089 567
812 6 514 653
813 3 630 895
813 5 1088 566
813 6 517 648
814 3 627 894
814 5 1088 565
814 6 521 643
815 3 623 892
815 5 1086 564
815 6 525 638
816 3 613 876
816 5 1031 576
816 6 536 635
817 3 609 873
817 5 1026 576
817 6 540 631
818 3 605 869
818 5 1022 577
818 6 544 627
819 3 601 866
819 5 1010 576
819 6 548 623
820 3 598 863
820 5 1010 571
820 6 551 621
821 3 559 854
821 5 993 582
821 6 555 636
822 3 553 851
822 5 988 583
822 6 559 636
823 3 547 847
823 5 982 584
823 6 562 636
824 3 542 844
824 5 978 585
824 6 566 636
825 3 536 841
825 5 973 586
825 6 569 636
826 3 525 844
826 5 981 582
826 6 596 644
827 3 519 842
827 5 976 583
827 6 602 646
828 3 514 840
828 5 973 583
828 6 607 648
829 3 509 839
829 5 970 583
829 6 613 649
830 3 504 837
830 5 967 583
830 6 618 651
831 3 503 831
831 5 925 568
831 6 632 653
832 3 499 828
832 5 919 567
832 6 637 654
833 3 495 826
833 5 915 565
833 6 643 656
834 3 491 823
834 5 910 564
834 6 649 657
835 3 487 821
835 5 905 563
835 6 655 658
836 3 491 807
836 5 898 557
836 6 659 658
837 3 488 803
837 5 894 554
837 6 664 659
838 3 485 799
838 5 888 552
838 6 670 659
839 3 482 795
839 5 883 549
839 6 675 660
840 3 480 792
840 5 879 546
840 6 681 661
841 3 485 781
841 5 876 545
841 6 716 658
842 3 484 776
842 5 872 542
842 6 724 658
843 3 482 771
843 5 867 540
843 6 731 659
844 3 480 767
844 5 864 538
844 6 739 660
845 3 479 763
845 5 860 536
845 6 746 661
846 3 464 751
846 5 863 528
846 6 751 656
847 3 461 746
847 5 859 526
847 6 758 656
848 3 459 741
848 5 857 523
848 6 764 656
849 3 456 736
849 5 853 521
849 6 770 657
850 3 453 731
850 5 851 519
850 6 777 658
851 3 458 724
851 5 856 515
851 6 860 657
852 3 457 719
852 5 853 513
852 6 875 658
853 3 455 715
853 5 851 512
853 6 889 660
854 3 453 710
854 5 848 510
854 6 904 660
855 3 451 704
855 5 846 509
855 6 919 661
856 3 457 706
856 5 837 495
856 6 900 668
857 3 456 702
857 5 833 492
857 6 910 670
858 3 455 700
858 5 831 488
858 6 918 672
859 3 454 697
859 5 827 485
859 6 925 674
860 3 453 694
860 5 825 483
860 6 935 675
861 3 457 665
861 5 834 461
861 6 912 678
862 3 457 658
862 5 832 455
862 6 917 678
863 3 456 651
863 5 831 449
863 6 922 679
864 3 456 645
864 5 829 444
864 6 928 680
865 3 455 639
865 5 828 438
865 6 934 681
866 3 460 639
866 5 839 438
866 6 934 673
867 3 460 634
867 5 838 434
867 6 938 672
868 3 460 629
868 5 838 430
868 6 942 671
869 3 459 625
869 5 838 426
869 6 947 670
870 3 459 621
870 5 838 422
870 6 951 670
871 3 479 620
871 5 843 419
871 6 966 664
872 3 480 617
872 5 843 416
872 6 972 662
873 3 482 614
873 5 842 412
873 6 979 660
874 3 483 611
874 5 842 409
874 6 982 659
875 3 485 608
875 5 842 405
875 6 987 658
876 3 505 608
876 5 833 406
876 6 992 655
877 3 508 605
877 5 832 404
877 6 996 653
878 3 511 603
878 5 830 401
878 6 1001 651
879 3 514 602
879 5 829 399
879 6 1007 650
880 3 517 600
880 5 828 397
880 6 1012 649
881 3 522 598
881 5 820 398
881 6 1007 652
882 3 525 597
882 5 818 397
882 6 1012 651
883 3 528 596
883 5 815 396
883 6 1015 650
884 3 531 594
884 5 814 395
884 6 1020 650
885 3 533 592
885 5 812 394
885 6 1025 649
886 3 563 585
886 5 811 395
886 6 1023 645
887 3 568 583
887 5 809 394
887 6 1028 644
888 3 573 581
888 5 808 393
888 6 1031 643
889 3 578 580
889 5 806 393
889 6 1035 641
890 3 583 578
890 5 805 392
890 6 1038 640
891 3 591 581
891 5 805 375
891 6 1046 637
892 3 597 580
892 5 804 372
892 6 1050 635
893 3 601 580
893 5 801 369
893 6 1053 634
894 3 606 579
894 5 800 366
894 6 1057 632
895 3 611 578
895 5 799 363
895 6 1060 630
896 3 610 586
896 5 802 353
896 6 1045 631
897 3 614 586
897 5 800 349
897 6 1047 630
898 3 618 587
898 5 799 346
898 6 1047 628
899 3 622 588
899 5 797 343
899 6 1048 627
900 3 625 588
900 5 796 340
900 6 1050 625
901 3 654 588
901 5 795 349
901 6 1042 622
902 3 660 590
902 5 794 348
902 6 1042 620
903 3 667 590
903 5 792 348
903 6 1042 619
904 3 672 590
904 5 791 348
904 6 1042 617
905 3 679 591
905 5 790 347
905 6 1042 616
906 3 686 586
906 5 796 343
906 6 1049 605
907 3 692 586
907 5 795 343
907 6 1049 602
908 3 698 585
908 5 795 342
908 6 1049 598
909 3 703 585
909 5 794 341
909 6 1049 596
910 3 709 584
910 5 794 341
910 6 1051 593
911 3 702 574
911 5 782 332
911 6 1036 581
912 3 705 571
912 5 781 330
912 6 1035 576
913 3 709 568
913 5 779 328
913 6 1035 571
914 3 713 566
914 5 778 326
914 6 1033 566
915 3 717 563
915 5 776 324
915 6 1032 562
916 3 724 556
916 5 762 334
916 6 1025 565
917 3 728 553
917 5 759 334
917 6 1023 561
918 3 731 551
918 5 757 334
918 6 1022 559
919 3 734 548
919 5 754 335
919 6 1020 555
920 3 738 545
920 5 751 335
920 6 1019 552
921 3 742 547
921 5 745 342
921 6 1003 549
922 3 745 546
922 5 743 342
922 6 1000 547
923 3 749 544
923 5 741 343
923 6 999 544
924 3 752 542
924 5 739 344
924 6 996 541
925 3 755 541
925 5 737 344
925 6 993 538
926 3 753 538
926 5 735 345
926 6 977 535
927 3 755 537
927 5 733 345
927 6 974 532
928 3 758 536
928 5 731 346
928 6 972 530
929 3 760 534
929 5 729 347
929 6 969 527
930 3 762 533
930 5 727 347
930 6 966 525
931 3 754 542
931 6 961 520
932 3 755 542
932 6 959 517
933 3 757 542
933 6 957 514
934 3 758 543
934 6 954 512
935 3 760 543
935 6 951 510
936 3 764 548
936 6 939 498
937 3 766 549
937 6 933 494
938 3 768 550
938 6 929 490
939 3 772 550
939 6 927 487
940 3 771 551
940 6 924 484
941 3 773 545
941 6 912 473
942 3 775 544
942 6 908 469
943 3 776 544
943 6 904 465
944 3 778 543
944 6 900 461
945 3 779 543
945 6 896 457
946 3 774 547
946 6 902 437
947 3 775 547
947 6 898 431
948 3 776 547
948 6 897 424
949 3 777 547
949 6 893 418
950 3 777 547
950 6 891 412
951 3 761 547
951 6 861 434
952 3 760 546
952 6 856 434
953 3 760 546
953 6 850 433
954 3 760 545
954 6 846 432
955 3 758 546
955 6 842 431
956 3 750 544
956 6 819 435
957 3 749 543
957 6 813 435
958 3 747 543
958 6 808 434
959 3 745 543
959 6 802 434
960 3 744 542
960 6 797 434
961 3 735 534
961 6 792 418
962 3 733 533
962 6 786 415
963 3 731 531
963 6 781 413
964 3 729 529
964 6 777 411
965 3 727 527
965 6 771 409
966 3 718 509
966 6 777 401
967 3 715 505
967 6 773 398
968 3 712 501
968 6 768 395
969 3 711 497
969 6 764 392
970 3 709 494
970 6 761 389
971 3 709 496
971 6 761 385
972 3 707 493
972 6 758 383
973 3 705 492
973 6 755 381
974 3 703 489
974 6 752 379
975 3 702 488
975 6 749 377
976 3 709 476
976 6 753 360
977 3 708 473
977 6 749 357
978 3 707 470
978 6 747 353
979 3 707 467
979 6 744 349
980 3 706 466
980 6 741 345
981 3 700 457
981 6 732 358
982 3 698 454
982 6 728 358
983 3 697 451
983 6 724 357
984 3 696 449
984 6 720 356
985 3 693 446
985 6 717 355
986 3 688 450
986 6 714 356
987 3 686 448
987 6 711 356
988 3 684 447
988 6 708 356
989 3 682 445
989 6 706 356
990 3 681 444
990 6 703 356
991 3 677 447
991 6 701 356
992 3 675 447
992 6 700 357
993 3 674 446
993 6 697 357
994 3 672 446
994 6 695 357
995 3 671 446
995 6 693 358
996 3 668 442
997 3 667 442
998 3 666 441
999 3 664 440
1000 3 663 440
1001 3 663 435
1002 3 662 434
1003 3 661 432
1004 3 660 432
1005 3 658 431
1006 3 658 429
1007 3 657 428
1008 3 656 427
1009 3 656 425
1010 3 655 425
1011 3 658 431
1012 3 658 432
1013 3 658 432
1014 3 658 433
1015 3 658 434
1016 3 668 430
1017 3 669 431
1018 3 670 431
1019 3 670 431
1020 3 671 431
1021 3 695 420
1022 3 697 419
1023 3 701 418
1024 3 704 416
1025 3 707 415
1026 3 719 409
1026 5 442 509
1027 3 723 407
1027 5 442 509
1028 3 725 406
1028 5 442 509
1029 3 728 404
1029 5 442 509
1030 3 730 403
1030 5 442 508
1031 3 734 398
1031 5 444 509
1032 3 736 396
1032 5 444 509
1033 3 738 394
1033 5 444 510
1034 3 740 393
1034 5 445 509
1035 3 742 392
1035 5 445 510
1036 3 752 375
1036 5 440 514
1037 3 752 372
1037 5 440 514
1038 3 753 369
1038 5 441 515
1039 3 754 367
1039 5 441 516
1040 3 754 364
1040 5 441 517
1041 3 769 340
1041 5 435 547
1042 3 771 335
1042 5 435 552
1043 3 772 329
1043 5 435 557
1044 3 776 323
1044 5 434 562
1045 3 777 317
1045 5 434 566
1046 3 760 331
1046 5 432 566
1047 3 760 328
1047 5 432 570
1048 3 761 325
1048 5 432 573
1049 3 760 323
1049 5 432 576
1050 3 760 321
1050 5 431 579
1051 3 743 340
1051 5 434 579
1052 3 741 341
1052 5 434 581
1053 3 739 343
1053 5 435 583
1054 3 737 343
1054 5 435 586
1055 3 736 344
1055 5 435 587
1056 3 717 355
1056 5 434 613
1057 3 714 356
1057 5 435 618
1058 3 713 357
1058 5 435 623
1059 3 710 359
1059 5 436 628
1060 3 708 360
1060 5 436 632
1061 3 705 362
1061 5 434 648
1062 3 702 364
1062 5 434 653
1063 3 700 365
1063 5 434 659
1064 3 698 366
1064 5 434 664
1065 3 697 367
1065 5 435 669
1066 5 441 674
1067 5 443 680
1068 5 444 684
1069 5 444 689
1070 5 445 693
1071 5 452 719
1072 5 453 727
1073 5 454 735
1074 5 456 741
1075 5 457 749
1076 5 463 743
1077 5 465 747
1078 5 467 752
1079 5 468 756
1080 5 469 759
1081 5 501 751
1082 5 505 753
1083 5 508 755
1084 5 512 756
1085 5 516 758
1086 5 526 784
1087 5 529 790
1088 5 533 796
1089 5 537 801
1090 5 540 805
1091 5 534 826
1092 5 537 834
1093 5 539 841
1094 5 540 847
1095 5 542 853
1096 5 548 844
1097 5 550 847
1098 5 552 850
1099 5 553 853
1100 5 555 856
1101 5 594 843
1102 5 600 843
1103 5 605 843
1104 5 610 843
1105 5 614 842
1106 5 629 834
1107 5 634 833
1108 5 640 831
1109 5 645 830
1110 5 650 828
1111 5 655 827
1112 5 661 826
1113 5 666 825
1114 5 670 824
1115 5 676 823
1116 7 707 892
1117 7 711 893
1118 7 714 894
1119 7 716 895
1120 7 719 896
1121 7 729 893
1122 7 732 893
1123 7 735 893
1124 7 739 894
1125 7 742 893
1126 7 748 882
1127 7 751 881
1128 7 754 878
1129 7 757 876
1130 7 761 875
1131 7 794 869
1132 7 800 867
1133 7 806 864
1134 7 811 862
1135 7 816 860
1136 7 825 860
1137 7 831 858
1138 7 836 857
1139 7 842 855
1140 7 847 854
1141 7 845 842
1142 7 850 839
1143 7 855 836
1144 7 859 833
1145 7 863 830
1146 7 863 828
1147 7 866 826
1148 7 870 824
1149 7 874 821
1150 7 878 820
1151 7 893 803
1152 7 898 798
1153 7 902 793
1154 7 906 789
1155 7 911 785
1156 7 914 765
1157 7 917 757
1158 7 921 750
1159 7 925 744
1160 7 928 738
1161 7 928 747
1162 7 931 744
1163 7 935 741
1164 7 938 738
1165 7 941 735
1166 7 937 715
1167 7 940 709
1168 7 943 703
1169 7 945 697
1170 7 946 691
1171 7 928 668
1172 7 928 660
1173 7 929 651
1174 7 929 643
1175 7 929 635
1176 7 912 650
1177 7 911 646
1178 7 911 642
1179 7 910 639
1180 7 908 635
1181 7 901 609
1182 7 900 601
1183 7 899 594
1184 7 896 587
1185 7 895 580
1186 7 866 572
1187 7 861 565
1188 7 857 558
1189 7 854 552
1190 7 850 546
1191 7 833 549
1192 7 830 545
1193 7 825 541
1194 7 822 538
1195 7 817 534
1196 7 805 525
1197 7 800 521
1198 7 796 517
1199 7 793 514
1200 7 788 511
1201 7 770 506
1202 7 765 502
1203 7 761 498
1204 7 756 495
1205 7 752 493
1206 7 741 490
1207 7 736 487
1208 7 732 484
1209 7 727 482
1210 7 723 480
1211 7 711 462
1212 7 707 457
1213 7 702 453
1214 7 698 449
1215 7 693 446
1216 7 674 448
1217 7 668 445
1218 7 662 443
1219 7 657 440
1220 7 652 439
1221 7 646 431
1222 7 641 429
1223 7 636 426
1224 7 631 424
1225 7 627 422
1226 7 635 416
1227 7 632 413
1228 7 630 411
1229 7 626 409
1230 7 623 407
1231 7 616 419
1232 7 613 419
1233 7 610 420
1234 7 608 420
1235 7 605 420
1236 7 603 421
1237 7 601 421
1238 7 598 421
1239 7 596 422
