1 2 429 67
1 4 405 339
1 1001 409 331
1 1003 593 280
2 2 432 64
2 4 405 340
2 1001 411 326
2 1003 593 274
3 2 429 65
3 4 404 329
3 1001 404 323
3 1003 592 266
4 2 429 61
4 4 402 324
4 1001 400 317
4 1003 589 263
5 2 432 61
5 4 400 314
5 1001 396 313
5 1003 586 260
6 2 429 65
6 4 400 310
6 1001 392 307
6 1003 583 255
7 2 419 62
7 4 397 304
7 1001 387 300
7 1003 580 253
8 2 411 61
8 4 396 303
8 1001 380 295
8 1003 577 252
9 2 382 49
9 4 395 299
9 1001 372 287
9 1003 580 251
10 2 367 45
10 4 395 298
10 1001 368 284
10 1003 583 252
11 2 362 42
11 4 392 287
11 1001 370 279
11 1003 580 248
12 2 359 40
12 4 391 284
12 1001 373 279
12 1003 577 245
13 2 362 42
13 4 388 281
13 1001 373 279
13 1003 557 238
14 2 362 42
14 4 387 282
14 1001 370 278
14 1003 483 139
15 2 357 34
15 4 386 284
15 1001 373 279
15 1003 477 127
16 2 357 31
16 4 381 286
16 1001 373 279
16 1003 471 126
17 2 349 27
17 1001 374 283
17 1003 466 119
18 2 341 24
18 1001 375 284
18 1003 462 117
19 2 320 14
19 1001 368 284
19 1003 456 113
20 2 303 2
20 1001 367 280
20 1003 454 108
21 2 285 -7
21 1001 326 267
21 1003 449 102
22 2 276 -12
22 1001 308 262
22 1003 443 100
23 2 275 -17
23 1001 297 258
23 1003 439 80
24 2 278 -19
24 1001 301 258
24 1003 433 66
25 2 274 -22
25 1001 303 255
25 1003 426 49
26 2 243 -34
26 4 346 316
26 1001 302 252
26 1003 420 40
27 2 265 -25
27 4 341 225
27 1001 297 245
27 1003 405 24
28 2 274 -22
28 4 338 174
28 1001 296 243
28 1003 395 15
29 2 239 -36
29 4 333 226
29 1001 298 238
29 1003 385 8
30 2 226 -42
30 4 332 252
30 1001 312 240
30 1003 379 4
31 2 217 -43
31 4 329 260
31 1001 314 234
31 1003 375 -2
32 2 212 -45
32 4 327 262
32 1001 313 232
32 1003 367 -5
33 2 191 -49
33 4 325 254
33 1001 314 222
33 1003 359 -8
34 2 183 -50
34 4 324 243
34 1001 317 218
34 1003 354 -9
35 2 183 -48
35 4 321 229
35 1001 315 211
35 1003 345 -18
36 2 188 -46
36 4 320 234
36 1001 314 207
36 1003 339 -26
37 2 188 -46
37 4 317 219
37 1001 309 200
37 1003 327 -35
38 2 188 -46
38 4 316 211
38 1001 308 198
38 1003 318 -44
39 2 188 -46
39 4 317 203
39 1001 307 193
39 1003 307 -52
40 2 183 -48
40 4 319 199
40 1001 302 189
40 1003 294 -62
41 2 179 -50
41 4 321 199
41 1001 312 186
41 1003 277 -70
42 2 179 -50
42 4 321 199
42 1001 296 179
42 1003 266 -75
43 2 184 -46
43 4 322 201
43 1001 302 174
43 1003 253 -79
44 2 188 -45
44 4 322 202
44 1001 305 173
44 1003 246 -81
45 2 200 -34
45 4 324 203
45 1001 303 166
45 1003 239 -90
46 2 209 -29
46 4 325 204
46 1001 314 167
46 1003 236 -93
47 2 214 -25
47 4 326 204
47 1001 316 162
47 1003 230 -105
48 2 131 -57
48 4 326 198
48 1001 314 153
48 1003 222 -111
49 2 131 -57
49 4 327 185
49 1001 325 143
49 1003 217 -113
50 2 135 -55
50 4 327 181
50 1001 335 141
50 1003 211 -113
51 2 148 -43
51 4 328 149
51 1001 333 133
51 1003 204 -115
52 2 155 -32
52 4 329 138
52 1001 336 131
52 1003 199 -112
53 2 209 -1
53 4 327 124
53 1001 314 111
53 1003 190 -116
54 4 327 107
54 1001 309 104
54 1003 187 -122
55 4 322 88
55 1003 419 106
56 4 320 82
56 1003 416 106
57 4 317 79
57 1003 409 105
58 4 315 77
58 1003 406 104
59 4 312 75
59 1003 402 102
60 4 311 74
60 1003 402 102
61 4 311 71
61 1003 402 102
62 4 311 67
62 1003 402 102
63 4 311 30
63 1001 439 138
63 1003 409 105
64 4 312 1
64 1001 400 95
64 1003 413 106
65 4 311 -23
65 1001 403 90
65 1003 412 102
66 4 310 -35
66 1001 406 89
66 1003 415 101
67 4 311 -55
67 1001 402 86
67 1003 404 96
68 4 312 -62
68 1001 396 65
68 1003 389 90
69 4 312 -67
69 1001 380 51
69 1003 374 83
70 4 312 -68
70 1001 371 42
70 1003 362 74
71 4 312 -67
71 1001 343 22
71 1003 358 71
72 4 309 -67
72 1001 418 62
72 1003 354 68
73 4 309 -65
73 1001 415 46
73 1003 352 61
74 4 306 -71
74 1001 412 40
74 1003 352 58
75 4 303 -113
75 1001 408 36
75 1003 363 61
76 4 303 -136
76 1001 407 32
76 1003 355 58
77 4 300 -153
77 1001 402 33
77 1003 346 49
78 4 295 -158
78 1001 398 32
78 1003 338 43
79 4 290 -170
79 1001 394 34
79 1003 353 48
80 4 284 -178
80 1001 388 31
80 1003 360 49
81 4 277 -181
81 1001 381 30
81 1003 360 45
82 4 272 -183
82 1001 376 27
82 1003 359 42
83 4 264 -188
83 1001 369 27
83 1003 355 39
84 4 258 -192
84 1001 365 23
84 1003 351 36
85 4 250 -198
85 1001 358 15
85 1003 351 36
86 4 239 -203
86 1001 354 5
86 1003 343 33
87 4 233 -220
87 1001 345 8
87 1003 353 31
88 4 231 -244
88 1001 340 -23
88 1003 333 22
89 4 222 -247
89 1001 332 -42
89 1003 317 14
90 1001 327 -56
90 1003 312 11
91 1001 321 -82
91 1003 304 8
92 1001 317 -101
92 1003 308 9
93 1001 314 -117
93 1003 279 -1
94 1001 311 -123
94 1003 262 -8
95 1001 306 -125
95 1003 262 -6
96 1001 301 -125
96 1003 236 -17
97 1001 295 -125
97 1003 232 -18
98 1001 288 -124
98 1003 232 -18
99 1001 276 -128
99 1003 236 -17
100 1001 269 -131
100 1003 267 -3
101 1001 255 -142
101 1003 267 -3
102 1001 245 -148
102 1003 263 -5
103 1001 229 -155
103 1003 258 -6
104 1001 212 -158
104 1003 251 -3
105 1001 188 -166
105 1003 239 -7
106 1001 169 -167
106 1003 213 -16
107 1001 147 -167
107 1003 204 -19
108 1001 138 -176
108 1003 199 -21
109 1001 126 -191
109 1003 162 -35
110 1001 117 -202
110 1003 153 -39
111 1001 106 -217
111 1003 148 -41
112 1001 93 -229
112 1003 149 -39
113 1001 77 -245
113 1003 149 -39
114 1001 56 -264
114 1003 146 -34
115 1001 25 -279
115 1003 147 -31
116 1001 4 -290
116 1003 147 -31
117 1001 -18 -298
117 1003 153 -27
118 1001 -34 -301
118 1003 157 -26
119 1001 -49 -299
120 1001 -57 -298
120 1003 109 -44
121 1001 -65 -297
121 1003 92 -57
122 1001 -74 -297
123 1001 -87 -295
124 1001 -94 -295
125 1003 105 -56
126 1003 115 -52
134 1003 40 -93
135 1003 35 -95
136 1003 60 -86
137 1003 70 -82
138 1003 80 -78
139 1003 50 -89
140 1003 45 -91
141 1003 35 -95
142 1003 24 -99
143 1003 -4 -104
144 1003 -14 -105
145 1003 -19 -105
146 1003 -19 -105
147 1003 -18 -103
148 1003 -23 -105
173 1004 -112 -277
174 1004 -103 -282
175 1004 61 -172
176 1004 67 -175
177 1004 69 -174
178 1004 73 -169
179 1004 89 -166
180 1004 106 -163
181 1004 124 -158
182 1004 137 -155
183 1004 154 -148
184 1004 166 -143
185 1004 183 -139
186 1004 194 -134
187 1004 204 -130
188 1004 214 -124
189 1004 224 -124
190 1004 232 -121
191 1004 258 -108
192 1004 269 -103
193 1004 281 -96
194 1004 287 -91
195 1004 291 -86
196 1004 298 -81
197 1004 302 -70
198 1004 305 -60
199 1004 312 -49
200 1004 305 -47
201 1004 321 -40
202 1004 318 -40
203 1004 325 -37
204 1004 328 -31
205 1004 336 -19
206 1004 344 -5
207 1004 362 16
208 1004 369 26
209 1004 372 34
210 1004 374 37
211 1004 380 41
212 1004 383 42
213 1004 383 43
214 1004 387 46
215 1004 399 53
216 1004 409 58
217 1004 420 65
218 1004 426 70
219 1004 439 83
220 1004 449 95
221 1004 457 112
222 1004 462 128
223 1004 497 157
224 1004 498 158
225 1004 501 159
226 1004 501 163
227 1004 505 166
228 1004 518 172
229 1004 540 184
230 1004 549 190
231 1004 567 197
232 1004 570 199
233 1004 585 209
234 1004 594 218
235 1004 597 223
236 1004 600 225
236 1005 86 -62
237 1004 601 229
237 1005 85 -64
238 1004 601 231
238 1005 85 -66
239 1004 618 238
239 1005 87 -73
240 1004 626 245
240 1005 91 -74
241 1004 626 247
241 1005 120 -64
242 1004 621 246
242 1005 139 -57
243 1004 621 250
243 1005 175 -48
244 1004 621 252
244 1005 183 -48
245 1004 637 259
245 1005 183 -48
246 1004 645 261
246 1005 183 -50
247 1004 653 265
247 1005 183 -50
248 1004 661 270
248 1005 178 -52
249 1004 669 276
249 1005 178 -52
250 1004 653 272
250 1005 177 -57
251 1004 669 281
251 1005 171 -62
252 1004 672 372
252 1005 166 -64
253 1004 696 381
253 1005 161 -68
254 1004 707 384
254 1005 156 -70
255 1002 -41 -344
255 1004 724 391
255 1005 155 -72
256 1002 -31 -349
256 1004 737 394
256 1005 165 -68
257 1002 -28 -337
257 1004 747 400
257 1005 172 -71
258 1004 754 403
258 1005 172 -73
259 1002 -11 -324
259 1004 760 409
259 1005 180 -72
260 1002 4 -322
260 1004 765 411
260 1005 176 -74
261 1002 27 -320
261 1004 766 417
261 1005 169 -83
262 1002 41 -317
262 1004 769 419
262 1005 168 -85
263 1002 66 -319
263 1004 771 425
263 1005 163 -89
264 1002 81 -318
264 1004 780 432
265 1002 93 -310
265 1004 803 441
266 1002 101 -305
266 1004 819 447
267 1004 830 450
268 1004 842 453
269 1004 856 459
270 1004 862 462
271 1002 173 -245
271 1004 863 467
272 1002 184 -238
272 1004 863 470
273 1002 200 -231
273 1004 866 475
274 1002 209 -223
274 1004 863 478
275 1002 225 -219
275 1004 863 482
276 1002 237 -210
276 1004 868 486
277 1004 872 492
277 1005 243 -34
278 1002 251 -206
278 1004 877 495
279 1002 258 -204
279 1004 896 500
279 1005 304 -8
280 1002 265 -207
280 1004 908 503
280 1005 349 9
281 1002 277 -213
281 1004 922 509
281 1005 356 12
282 1002 284 -216
282 1004 930 511
282 1005 334 8
283 1002 291 -216
283 1004 938 516
283 1005 326 8
284 1002 297 -217
284 1004 942 518
284 1005 352 25
285 1002 308 -215
285 1004 944 525
285 1005 356 28
286 1002 311 -192
286 1004 947 529
286 1005 360 32
287 1002 316 -189
287 1004 957 534
287 1005 360 32
288 1002 319 -183
288 1004 968 538
288 1005 357 31
289 1002 323 -144
289 1004 987 545
289 1005 347 34
290 1002 322 -115
290 1004 1000 549
290 1005 343 36
291 1002 324 -100
291 1004 1012 554
291 1005 348 43
292 1002 327 -96
292 1004 1022 556
292 1005 349 48
293 1002 330 -91
293 1004 1033 560
293 1005 351 55
294 1002 333 -90
294 1004 1038 563
294 1005 357 65
295 1002 339 -90
295 1004 1041 566
295 1005 361 71
296 1002 343 -90
296 1004 1044 568
296 1005 367 79
297 1002 347 -88
297 1004 1043 572
297 1005 367 83
298 1002 350 -81
298 1004 1041 574
298 1005 372 90
299 1002 352 -50
299 1004 1042 577
299 1005 374 100
300 1002 353 -32
300 1004 1048 579
300 1005 367 100
301 1002 355 -24
301 1004 1058 583
301 1005 369 108
302 1002 358 -15
302 1004 1069 588
302 1005 378 119
303 1002 359 -10
303 1004 1084 594
303 1005 382 124
304 1002 362 -7
304 1004 1102 596
304 1005 373 127
305 1002 363 -7
305 1004 1128 600
305 1005 371 133
306 1002 363 -8
306 1004 1147 602
306 1005 368 136
307 1002 363 -10
307 1004 1164 604
307 1005 377 146
308 1002 363 -11
308 1004 1167 606
308 1005 378 154
309 1002 362 -10
309 1004 1171 608
309 1005 373 161
310 1002 362 -8
310 1004 1173 610
310 1005 370 163
311 1002 362 8
311 1004 1176 612
311 1005 370 175
312 1002 359 18
312 1004 1177 612
312 1005 367 177
313 1002 357 55
313 1004 1173 613
313 1005 372 186
314 1002 354 70
314 1004 1175 614
314 1005 376 189
315 1002 353 73
315 1004 1186 616
315 1005 367 192
316 1002 352 75
316 1004 1196 617
316 1005 367 195
317 1002 352 75
317 1004 1213 617
317 1005 355 197
318 1002 352 75
318 1004 1227 618
318 1005 360 206
319 1002 352 75
319 1004 1237 622
319 1005 361 209
320 1002 352 73
320 1004 1242 623
320 1005 355 213
321 1002 352 75
321 1004 1249 626
321 1005 352 216
322 1002 352 73
322 1004 1254 629
322 1005 350 219
323 1002 355 75
323 1004 1255 632
323 1005 352 228
324 1002 356 80
324 1004 1259 634
324 1005 357 236
325 1002 358 92
325 1004 1261 638
325 1005 366 247
326 1002 359 99
326 1004 1263 641
326 1005 371 255
327 1002 362 124
327 1004 1264 645
327 1005 373 263
328 1002 365 145
328 1004 1265 648
328 1005 370 266
329 1002 366 183
329 1004 1266 652
329 1005 376 277
330 1002 367 199
330 1004 1264 656
330 1005 364 278
331 1002 369 212
331 1004 1266 660
331 1005 362 284
332 1002 370 216
332 1004 1266 663
332 1005 364 291
333 1002 368 216
333 1004 1269 666
333 1005 370 303
334 1002 366 216
334 1004 1270 669
334 1005 374 309
335 1002 366 218
335 1004 1283 673
335 1005 379 316
336 1002 366 216
336 1004 1290 674
336 1005 360 314
337 1002 366 217
337 1004 1311 674
337 1005 348 316
338 1002 366 218
338 1004 1325 678
338 1005 347 323
339 1002 363 223
339 1004 1315 693
339 1005 348 329
340 1002 361 234
340 1004 1312 694
340 1005 343 334
341 1002 358 243
341 1004 1313 698
341 1005 406 356
342 1002 356 267
342 1004 1312 695
342 1005 425 366
343 1002 355 288
343 1004 1317 698
343 1005 432 371
344 1002 352 300
344 1004 1324 698
344 1005 436 376
345 1002 351 309
345 1004 1332 698
345 1005 440 383
346 1002 351 314
346 1004 1330 694
346 1005 426 386
347 1002 351 313
347 1004 1329 692
347 1005 422 391
348 1002 353 311
348 1004 1329 691
348 1005 419 393
349 1002 354 315
349 1004 1336 691
349 1005 420 398
350 1002 355 314
350 1004 1343 690
350 1005 419 403
351 1002 355 316
351 1004 1342 686
351 1005 403 409
352 1002 358 314
352 1004 1348 684
352 1005 399 416
353 1002 363 316
353 1004 1359 682
353 1005 406 424
354 1002 364 322
354 1004 1375 681
354 1005 398 425
355 1002 367 335
355 1004 1377 676
355 1005 389 431
356 1002 371 343
356 1004 1384 674
356 1005 393 439
357 1002 374 368
357 1004 1391 673
357 1005 414 445
358 1002 377 381
358 1004 1399 672
358 1005 449 457
359 1002 381 386
359 1004 1408 671
359 1005 445 464
360 1002 383 387
360 1004 1412 671
360 1005 476 476
361 1002 384 387
361 1004 1426 674
361 1005 458 476
362 1002 386 385
362 1004 1431 675
362 1005 453 480
363 1002 388 385
363 1004 1431 676
363 1005 450 487
364 1002 388 384
364 1004 1431 676
364 1005 432 487
365 1002 388 384
365 1004 1438 681
365 1005 422 492
366 1002 388 385
366 1004 1398 686
366 1005 418 495
367 1002 388 391
367 1004 1401 690
367 1005 425 504
368 1002 388 397
368 1004 1395 694
368 1005 447 511
369 1002 388 408
369 1004 1385 699
369 1005 474 522
370 1002 388 426
370 1004 1377 704
370 1005 485 527
371 1002 388 440
371 1004 1371 710
371 1005 491 532
372 1002 388 446
372 1004 1366 716
372 1005 491 533
373 1002 390 447
373 1004 1370 723
373 1005 492 539
374 1002 392 450
374 1004 1301 740
374 1005 493 542
375 1002 392 451
375 1004 1296 747
375 1005 493 546
376 1002 393 452
376 1004 1291 749
376 1005 484 549
377 1002 396 452
377 1004 1293 752
377 1005 483 554
378 1002 397 452
378 1004 1362 750
378 1005 197 120
379 1002 401 451
379 1004 1360 758
379 1005 299 271
380 1002 403 453
380 1004 1358 763
380 1005 306 275
381 1002 406 463
381 1004 1358 771
381 1005 312 279
382 1002 409 465
382 1004 1354 775
382 1005 315 282
383 1002 414 476
383 1004 1352 784
383 1005 321 282
384 1002 417 484
384 1004 1347 790
384 1005 322 284
385 1002 418 492
385 1004 1334 796
385 1005 330 290
386 1002 421 493
386 1004 1316 798
386 1005 336 296
387 1002 421 492
387 1004 1300 803
387 1005 341 304
388 1002 422 492
388 1004 1293 807
388 1005 349 308
389 1002 422 491
389 1004 1286 812
389 1005 355 312
390 1002 332 232
390 1004 1279 814
390 1005 367 319
391 1002 330 233
391 1004 1285 818
391 1005 511 616
392 1002 330 234
392 1004 1289 820
392 1005 385 326
393 1002 334 235
393 1004 1284 824
393 1005 394 332
394 1002 338 237
394 1004 1278 826
394 1005 397 337
395 1002 426 503
395 1004 1262 827
395 1005 402 344
396 1002 427 508
396 1004 1250 829
396 1005 407 349
397 1002 356 258
397 1004 1228 827
397 1005 414 357
398 1002 361 268
398 1004 1214 828
398 1005 420 359
399 1002 380 280
399 1004 1207 828
399 1005 424 363
400 1002 390 283
400 1004 1193 827
400 1005 427 365
401 1002 393 288
401 1004 1176 825
401 1005 431 370
402 1002 396 291
402 1004 1169 825
402 1005 435 373
403 1002 397 291
403 1004 1167 823
403 1005 439 375
404 1002 401 295
404 1004 1166 823
404 1005 443 378
405 1002 399 294
405 1004 1169 823
405 1005 447 384
406 1002 357 52
406 1004 1171 822
406 1005 449 390
407 1002 396 297
407 1004 1169 822
407 1005 452 399
408 1002 397 298
408 1004 1165 822
408 1005 457 407
409 1002 401 305
409 1004 1154 821
409 1005 460 416
410 1002 404 311
410 1004 1142 820
410 1005 464 420
411 1002 347 72
411 1004 1117 818
411 1005 470 424
412 1002 406 320
412 1004 1096 817
412 1005 474 426
413 1002 401 324
413 1004 1073 814
413 1005 479 429
414 1002 343 83
414 1004 1059 814
414 1005 484 431
415 1002 336 86
415 1004 1053 813
415 1005 489 434
416 1002 345 93
416 1004 1052 813
416 1005 492 435
417 1002 350 101
417 1004 1050 812
417 1005 494 439
418 1002 366 108
418 1004 1049 811
418 1005 495 442
419 1002 356 112
419 1004 1051 809
419 1005 496 450
420 1002 372 122
420 1004 1050 808
420 1005 500 455
421 1002 380 129
421 1004 1046 804
421 1005 506 467
422 1002 384 133
422 1004 1043 802
422 1005 511 478
423 1002 393 142
423 1004 1035 798
423 1005 444 381
424 1002 393 145
424 1004 1034 795
424 1005 447 386
425 1002 393 146
425 1004 1027 792
425 1005 457 392
426 1002 393 146
426 1004 1027 789
426 1005 464 393
427 1002 402 154
427 1004 1022 783
427 1005 470 396
428 1002 399 155
428 1004 1021 780
428 1005 474 400
429 1002 399 156
429 1004 974 719
429 1005 551 509
430 1002 400 161
430 1004 974 715
430 1005 553 511
431 1002 405 170
431 1004 970 709
431 1005 558 513
432 1002 405 174
432 1004 968 705
432 1005 557 515
433 1002 407 180
433 1004 967 700
433 1005 562 520
434 1002 407 183
434 1004 969 696
434 1005 564 525
435 1002 405 188
435 1004 969 693
435 1005 565 532
436 1002 403 195
436 1004 969 691
436 1005 565 536
437 1002 398 201
437 1004 972 686
437 1005 566 549
438 1002 405 207
438 1004 965 683
438 1005 568 560
439 1002 411 219
439 1004 963 679
439 1005 571 571
440 1002 418 225
440 1004 953 674
440 1005 573 577
441 1002 409 224
441 1004 928 703
441 1005 577 582
442 1002 403 228
442 1004 926 699
442 1005 582 584
443 1002 398 233
443 1004 913 693
443 1005 585 588
444 1002 399 241
444 1004 912 689
444 1005 589 591
445 1002 418 253
445 1004 909 683
445 1005 604 592
446 1002 421 258
446 1004 906 679
446 1005 613 593
447 1002 419 263
447 1004 905 673
447 1005 616 595
448 1002 417 269
448 1004 902 669
448 1005 619 596
449 1002 419 276
449 1004 899 662
449 1005 618 601
450 1002 420 284
450 1004 902 657
450 1005 618 602
451 1002 413 290
451 1004 904 651
451 1005 622 608
452 1002 419 294
452 1004 907 646
452 1005 626 613
453 1002 417 299
453 1004 904 639
453 1005 631 621
454 1002 422 306
454 1004 903 634
454 1005 640 626
455 1002 420 312
455 1004 904 626
455 1005 651 635
456 1002 415 318
456 1004 902 621
456 1005 658 640
457 1002 420 326
457 1004 901 614
457 1005 667 645
458 1002 417 328
458 1004 899 608
458 1005 672 647
459 1002 425 338
459 1004 899 601
459 1005 675 648
460 1002 429 343
460 1004 901 595
460 1005 677 648
461 1002 427 348
461 1004 897 588
461 1005 678 649
462 1002 425 353
462 1004 896 582
462 1005 678 649
463 1002 426 356
463 1004 899 575
463 1005 678 649
464 1002 439 364
464 1004 902 569
464 1005 678 649
465 1002 439 367
465 1004 899 563
465 1005 678 649
466 1004 899 560
466 1005 678 650
467 1004 898 554
467 1005 687 654
468 1004 899 548
468 1005 693 656
469 1004 896 540
469 1005 706 667
470 1002 378 387
470 1004 895 534
470 1005 717 674
471 1002 390 400
471 1004 899 527
471 1005 730 678
472 1002 385 403
472 1004 898 521
472 1005 740 680
473 1002 387 413
473 1004 901 516
473 1005 746 681
474 1002 395 422
474 1004 901 511
474 1005 748 681
475 1002 393 427
475 1004 891 505
475 1005 748 682
476 1002 400 431
476 1004 891 502
476 1005 747 682
477 1002 408 441
477 1004 890 495
477 1005 747 682
478 1002 408 444
478 1004 889 491
478 1005 748 682
479 1002 413 453
479 1004 890 486
479 1005 747 683
480 1002 418 461
480 1004 892 480
480 1005 748 684
481 1002 419 467
481 1004 891 475
481 1005 756 686
482 1002 417 469
482 1004 891 471
482 1005 764 689
483 1002 416 476
483 1004 888 462
483 1005 775 695
484 1002 414 479
484 1004 886 459
484 1005 782 700
485 1002 418 484
485 1004 888 451
485 1005 796 707
486 1002 419 489
486 1004 886 445
486 1005 803 711
487 1002 423 495
487 1004 891 441
487 1005 809 712
488 1002 423 497
488 1004 900 441
488 1005 811 712
489 1002 424 501
489 1004 908 436
489 1005 813 713
490 1002 431 506
490 1004 911 432
490 1005 812 711
491 1002 435 515
491 1004 911 425
491 1005 814 710
492 1002 436 519
492 1004 910 420
492 1005 813 709
493 1002 434 524
493 1004 881 403
493 1005 815 706
494 1002 433 528
494 1004 866 395
494 1005 817 705
495 1002 437 533
495 1004 838 378
495 1005 822 703
496 1002 438 538
496 1004 827 369
496 1005 830 702
497 1002 437 546
497 1004 813 356
497 1005 847 702
498 1002 438 549
498 1004 807 348
498 1005 859 704
499 1002 436 553
499 1004 816 346
499 1005 869 705
500 1002 434 557
500 1004 817 341
500 1005 881 710
501 1002 435 562
501 1004 811 335
501 1005 888 713
502 1002 458 565
502 1004 809 331
502 1005 891 713
503 1002 460 568
503 1004 816 331
503 1005 893 713
504 1002 462 571
504 1004 831 333
504 1005 894 713
505 1002 457 573
505 1004 825 325
505 1005 895 712
506 1002 456 576
506 1004 833 324
506 1005 894 710
507 1002 454 580
507 1004 825 316
507 1005 893 708
508 1002 456 585
508 1004 819 308
508 1005 893 706
509 1002 461 589
509 1004 826 306
509 1005 896 705
510 1002 464 594
510 1004 816 297
510 1005 898 703
511 1002 467 598
511 1004 802 285
511 1005 907 703
512 1002 471 601
512 1004 803 280
512 1005 911 702
513 1002 470 603
513 1004 815 280
513 1005 931 705
514 1002 471 605
514 1004 854 295
514 1005 940 705
515 1002 473 608
515 1004 840 287
515 1005 943 707
516 1002 472 610
516 1004 834 280
516 1005 944 708
517 1002 472 613
517 1004 845 277
517 1005 942 707
518 1002 468 615
518 1004 849 274
518 1005 944 706
519 1002 458 620
519 1004 862 259
519 1005 946 702
520 1002 451 622
520 1004 830 112
520 1005 950 699
521 1002 453 627
521 1004 876 249
521 1005 946 697
522 1002 446 629
522 1004 870 249
522 1005 948 694
523 1002 456 636
523 1004 843 237
523 1005 950 690
524 1002 456 643
524 1004 844 236
524 1005 956 687
525 1002 471 651
525 1004 900 400
525 1005 970 684
526 1002 476 657
526 1004 900 400
526 1005 974 681
527 1002 482 663
527 1004 900 400
527 1005 970 677
528 1002 483 667
528 1004 906 398
528 1005 965 674
529 1002 485 672
529 1004 906 398
529 1005 962 673
530 1002 487 676
530 1004 909 395
530 1005 965 671
531 1002 489 681
531 1004 903 397
531 1005 969 670
532 1002 489 685
532 1004 908 394
532 1005 971 668
533 1002 491 691
533 1004 914 392
533 1005 818 623
534 1002 493 695
534 1004 924 387
534 1005 818 624
535 1002 494 700
535 1004 935 382
535 1005 972 656
536 1002 497 704
536 1004 949 375
536 1005 822 617
537 1002 494 709
537 1004 958 371
537 1005 824 613
538 1002 495 711
538 1004 963 369
538 1005 825 611
539 1002 496 717
539 1004 964 367
539 1005 967 640
540 1002 498 722
540 1004 962 366
540 1005 828 609
541 1002 498 726
541 1004 962 366
541 1005 829 607
542 1002 500 730
542 1004 963 364
542 1005 829 606
543 1002 506 733
543 1004 965 362
543 1005 830 606
544 1002 510 736
544 1004 966 361
544 1005 831 606
545 1002 518 740
545 1004 966 361
545 1005 832 606
546 1002 521 743
546 1004 966 361
546 1005 955 628
547 1002 521 747
547 1004 966 359
547 1005 954 627
548 1002 519 751
548 1004 967 358
548 1005 933 629
549 1002 523 756
549 1004 967 357
549 1005 922 630
550 1002 526 758
550 1004 970 354
550 1005 916 630
551 1002 530 761
551 1004 979 349
551 1005 905 629
552 1002 537 762
552 1004 974 350
552 1005 896 629
553 1002 537 763
553 1004 974 348
553 1005 886 629
554 1002 538 766
554 1004 974 347
554 1005 882 628
555 1002 539 769
555 1004 971 346
555 1005 880 629
556 1002 538 770
556 1004 963 347
556 1005 879 629
557 1002 537 772
557 1004 960 348
557 1005 880 628
558 1002 537 773
558 1004 950 350
558 1005 879 627
559 1002 537 774
559 1004 938 354
559 1005 880 626
560 1002 536 774
560 1004 933 355
560 1005 879 624
561 1002 536 777
561 1004 927 357
561 1005 876 622
562 1002 537 779
562 1004 926 357
562 1005 869 620
563 1002 536 780
563 1004 925 355
563 1005 856 617
564 1002 543 782
564 1004 925 353
564 1005 847 616
565 1002 538 783
565 1004 923 352
565 1005 830 614
566 1002 537 786
566 1004 923 350
566 1005 822 612
567 1002 542 788
567 1004 917 351
567 1005 1002 607
568 1002 544 790
568 1004 915 349
568 1005 994 606
569 1002 547 794
569 1004 916 345
569 1005 807 610
570 1002 553 797
570 1004 915 344
570 1005 807 610
571 1002 558 800
571 1004 914 343
571 1005 988 603
572 1002 563 803
572 1004 907 345
572 1005 988 603
573 1002 570 805
573 1004 902 345
573 1005 986 601
574 1002 578 807
574 1004 891 349
574 1005 984 601
575 1002 586 810
575 1004 882 352
575 1005 975 600
576 1002 590 813
576 1004 877 353
576 1005 960 601
577 1002 589 816
577 1004 868 357
577 1005 940 601
578 1002 590 818
578 1004 866 355
578 1005 927 600
579 1002 591 820
579 1004 857 360
579 1005 907 599
580 1002 592 822
580 1004 854 359
580 1005 891 599
581 1002 591 824
581 1004 846 363
581 1005 886 600
582 1002 590 824
582 1004 796 196
582 1005 884 600
583 1002 590 827
583 1004 837 224
583 1005 880 601
584 1002 591 830
584 1004 850 233
584 1005 878 600
585 1002 595 833
585 1004 841 238
585 1005 878 599
586 1002 601 836
586 1004 826 234
586 1005 876 598
587 1002 613 840
587 1004 819 240
587 1005 876 597
588 1002 621 843
588 1004 819 237
588 1005 866 595
589 1002 631 846
589 1004 818 244
589 1005 856 592
590 1002 637 850
590 1004 773 106
590 1005 841 592
591 1002 650 854
591 1004 757 108
591 1005 814 590
592 1002 654 857
592 1004 754 115
592 1005 801 589
593 1002 655 858
593 1004 743 123
593 1005 788 588
594 1002 660 859
594 1004 756 134
594 1005 781 588
595 1002 663 859
595 1004 743 135
595 1005 776 587
596 1002 665 860
596 1004 727 136
596 1005 773 586
597 1002 668 861
597 1004 718 140
597 1005 772 586
598 1002 668 860
598 1004 697 135
598 1005 772 587
599 1002 667 860
599 1004 689 137
599 1005 770 586
600 1002 666 860
600 1004 683 138
600 1005 768 587
601 1002 666 860
601 1004 675 146
601 1005 758 587
602 1002 665 860
602 1004 672 148
602 1005 748 589
603 1002 665 861
603 1004 664 157
603 1005 729 592
604 1002 670 861
604 1004 664 162
604 1005 713 592
605 1002 673 860
605 1004 675 179
605 1005 697 593
606 1002 675 860
606 1004 667 185
606 1005 689 595
607 1002 681 862
607 1004 665 193
607 1005 683 596
608 1002 691 862
608 1004 648 194
608 1005 679 597
609 1002 708 865
609 1004 635 197
609 1005 679 598
610 1002 716 866
610 1004 627 197
610 1005 679 599
611 1002 733 870
611 1004 619 204
611 1005 678 600
612 1002 743 872
612 1004 613 207
612 1005 678 600
613 1002 747 872
613 1004 596 206
613 1005 677 599
614 1002 751 872
614 1004 588 211
614 1005 672 599
615 1002 754 873
615 1004 580 216
615 1005 666 599
616 1002 754 874
616 1004 577 217
616 1005 655 600
617 1002 754 875
617 1004 566 220
617 1005 636 600
618 1002 754 875
618 1004 567 226
618 1005 625 600
619 1002 754 875
619 1004 570 235
619 1005 613 599
620 1002 753 875
620 1004 582 242
620 1005 607 599
621 1002 756 877
621 1004 580 246
621 1005 600 599
622 1002 756 878
622 1004 577 247
622 1005 598 600
623 1002 759 879
623 1004 578 253
623 1005 598 599
624 1002 759 880
624 1004 578 255
624 1005 596 600
625 1002 764 881
625 1004 572 258
625 1005 596 600
626 1002 772 882
626 1004 570 259
626 1005 597 599
627 1002 790 885
627 1004 550 258
627 1005 596 599
628 1002 802 887
628 1004 524 252
628 1005 590 599
629 1002 817 890
629 1004 510 254
629 1005 579 600
630 1002 828 895
630 1004 505 259
630 1005 571 602
631 1002 847 899
631 1004 494 261
631 1005 566 602
632 1002 854 902
632 1004 492 268
632 1005 565 604
633 1002 865 904
633 1004 489 270
633 1005 572 606
634 1002 870 905
634 1004 487 275
634 1005 576 605
635 1002 874 907
635 1004 482 280
635 1005 578 606
636 1002 873 909
636 1004 482 282
636 1005 579 606
637 1002 874 910
637 1004 480 287
637 1005 585 606
638 1002 873 910
638 1004 480 290
638 1005 587 606
639 1002 873 911
639 1004 466 291
639 1005 587 607
640 1002 873 912
640 1004 455 293
640 1005 588 607
641 1002 874 914
641 1004 434 291
641 1005 588 608
642 1002 874 915
642 1004 422 291
642 1005 587 608
643 1002 873 915
643 1004 413 292
643 1005 587 609
644 1002 874 916
644 1004 411 296
644 1005 588 609
645 1002 881 916
645 1004 406 301
645 1005 589 608
646 1002 882 917
646 1004 403 303
646 1005 588 609
647 1002 904 918
647 1004 404 308
647 1005 595 611
648 1002 912 918
648 1004 424 308
648 1005 604 612
649 1002 928 924
649 1004 423 312
649 1005 621 612
650 1002 946 925
650 1004 425 316
650 1005 630 612
651 1002 959 926
651 1004 423 311
651 1005 643 612
652 1002 974 927
652 1004 421 314
652 1005 652 612
653 1002 979 925
653 1004 415 317
653 1005 665 611
654 1002 979 922
654 1004 415 322
654 1005 671 612
655 1002 977 917
655 1004 411 319
655 1005 675 611
656 1002 975 913
656 1004 405 321
656 1005 676 610
657 1002 976 909
657 1004 396 322
657 1005 676 611
658 1002 978 907
658 1004 393 324
658 1005 677 610
659 1002 978 901
659 1004 385 326
659 1005 677 610
660 1002 984 896
660 1004 382 328
660 1005 678 610
661 1002 985 889
661 1004 380 332
661 1005 687 610
662 1002 985 885
662 1004 378 334
662 1005 694 611
663 1002 995 881
663 1004 374 336
663 1005 710 611
664 1002 1000 878
664 1004 372 339
664 1005 721 612
665 1002 1012 874
665 1004 366 343
665 1005 736 610
666 1002 1018 870
666 1004 362 347
666 1005 746 609
667 1002 1034 863
667 1004 362 351
667 1005 752 610
668 1002 1035 857
668 1004 360 356
668 1005 754 611
669 1002 1045 852
669 1004 357 363
669 1005 757 611
670 1002 1044 847
670 1004 356 366
670 1005 759 611
671 1002 1047 842
671 1004 355 366
671 1005 765 613
672 1002 1046 838
672 1004 356 368
672 1005 769 615
673 1002 1046 831
673 1004 359 373
673 1005 786 617
674 1002 1047 827
674 1004 360 377
674 1005 797 617
675 1002 1050 823
675 1004 361 381
675 1005 807 616
676 1002 1051 819
676 1004 361 382
676 1005 818 616
677 1002 1061 816
677 1004 365 387
677 1005 831 615
678 1002 1075 814
678 1004 366 389
678 1005 837 615
679 1002 1093 811
679 1004 367 391
679 1005 841 613
680 1002 1103 811
680 1004 362 392
680 1005 841 612
681 1002 1109 811
681 1004 369 400
681 1005 840 611
682 1002 1114 809
682 1004 373 405
682 1005 839 611
683 1002 1120 809
683 1004 372 412
683 1005 839 609
684 1002 1124 808
684 1004 374 425
684 1005 839 608
685 1002 1122 807
685 1004 381 436
685 1005 838 607
686 1002 1119 805
686 1004 384 443
686 1005 838 606
687 1002 1116 808
687 1004 353 414
687 1005 851 606
688 1002 1117 809
688 1004 353 415
688 1005 863 606
689 1002 1116 811
689 1004 376 457
689 1005 876 606
690 1002 1121 813
690 1004 371 458
690 1005 890 604
691 1002 1121 815
691 1004 358 460
691 1005 906 603
692 1002 1126 817
692 1004 354 462
692 1005 919 600
693 1002 1133 820
693 1004 354 464
693 1005 927 599
694 1002 1135 824
694 1004 355 467
694 1005 932 599
695 1002 1146 827
695 1004 354 470
695 1005 934 599
696 1002 1160 830
696 1004 356 472
696 1005 935 599
697 1002 1183 832
697 1004 373 479
697 1005 935 599
698 1002 1208 835
698 1004 376 484
698 1005 935 599
699 1002 1225 838
699 1004 379 491
699 1005 947 601
700 1002 1234 840
700 1004 381 497
700 1005 956 603
701 1002 1243 843
701 1004 381 508
701 1005 973 604
702 1002 1239 844
702 1004 380 517
702 1005 986 603
703 1002 1242 845
703 1004 380 522
703 1005 1007 599
704 1002 1245 844
704 1004 381 525
704 1005 1019 600
705 1002 1251 845
705 1004 381 530
705 1005 1030 597
706 1002 1253 845
706 1004 382 533
706 1005 1034 597
707 1002 1248 844
707 1004 384 535
707 1005 1037 596
708 1002 1252 843
708 1004 385 538
708 1005 1035 595
709 1002 1264 843
709 1004 387 541
709 1005 1034 594
710 1002 1269 842
710 1004 389 542
710 1005 1037 594
711 1002 1281 843
711 1004 390 544
711 1005 1039 594
712 1002 1292 843
712 1004 391 549
712 1005 1039 594
713 1002 1300 846
713 1004 390 552
713 1005 1042 595
714 1002 1315 845
714 1004 392 555
714 1005 1048 595
715 1002 1328 845
715 1004 395 566
715 1005 1058 595
716 1002 1336 846
716 1004 421 580
716 1005 1066 596
717 1002 1345 847
717 1004 422 586
717 1005 1070 597
718 1002 1343 846
718 1004 423 589
718 1005 1073 600
719 1002 1343 845
719 1004 422 596
719 1005 1077 603
720 1002 1342 843
720 1004 419 601
720 1005 1079 605
721 1002 1342 842
721 1004 420 607
721 1005 1078 610
722 1002 1340 840
722 1004 420 610
722 1005 1077 613
723 1002 1417 882
723 1004 422 613
723 1005 1072 618
724 1002 1416 881
724 1004 423 616
724 1005 1072 622
725 1002 1419 877
725 1004 428 623
725 1005 1074 627
726 1002 1414 875
726 1004 429 626
726 1005 1073 631
727 1002 1346 830
727 1004 431 629
727 1005 1065 634
728 1002 1418 874
728 1004 431 632
728 1005 1063 638
729 1002 1345 827
729 1004 430 636
729 1005 1056 642
730 1002 1349 823
730 1004 427 639
730 1005 1053 646
731 1002 1462 865
731 1004 425 647
731 1005 1049 650
732 1002 1479 863
732 1004 423 653
732 1005 1050 652
733 1002 1393 812
733 1004 411 639
733 1005 1049 656
734 1002 1389 807
734 1004 426 662
734 1005 1046 659
735 1002 1392 802
735 1004 420 668
735 1005 1043 671
736 1002 1501 849
736 1004 411 671
736 1005 1035 674
737 1002 1498 842
737 1004 412 677
737 1005 1035 681
738 1002 1413 791
738 1004 406 679
738 1005 1014 685
739 1002 1415 784
739 1004 433 684
739 1005 943 685
740 1002 1348 731
740 1004 476 732
741 1004 441 690
742 1002 1340 719
742 1004 470 740
743 1002 1368 712
743 1004 440 699
743 1005 976 711
744 1002 1375 708
744 1004 467 749
744 1005 991 716
745 1002 1366 703
745 1004 473 754
745 1005 1004 720
746 1002 1362 697
746 1004 447 708
746 1005 1007 725
747 1002 1350 691
747 1004 451 713
747 1005 1010 730
748 1002 1352 689
748 1004 456 716
748 1005 1011 734
749 1002 1353 683
749 1004 459 720
749 1005 1006 737
750 1002 1353 679
750 1004 460 722
750 1005 1001 739
751 1002 1358 675
751 1004 456 725
751 1005 978 742
752 1002 1361 672
752 1004 452 728
752 1005 972 743
753 1002 1363 668
753 1004 450 729
753 1005 1011 757
754 1002 1352 662
754 1004 443 730
754 1005 1002 761
755 1002 1352 654
755 1004 455 735
755 1005 994 766
756 1002 1354 649
756 1004 459 737
756 1005 991 769
757 1002 1359 644
757 1004 446 739
757 1005 987 775
758 1002 1364 637
758 1004 441 739
758 1005 984 778
759 1002 1382 660
759 1004 456 801
759 1005 965 783
760 1002 1384 651
760 1004 447 745
760 1005 952 787
761 1002 1384 644
761 1004 454 746
761 1005 936 793
762 1002 1383 639
762 1004 480 802
762 1005 926 796
763 1002 1390 633
763 1004 481 801
763 1005 916 800
764 1002 1390 627
764 1004 481 799
764 1005 912 803
765 1002 1398 622
765 1004 483 797
765 1005 909 808
766 1002 1395 618
766 1004 482 794
766 1005 908 811
767 1002 1385 616
767 1004 483 791
767 1005 908 816
768 1002 1388 613
768 1004 483 789
768 1005 906 819
769 1002 1380 607
769 1004 482 785
769 1005 904 823
770 1002 1372 604
770 1004 482 783
770 1005 886 791
771 1002 1359 602
771 1004 483 780
771 1005 886 793
772 1002 1359 600
772 1004 485 776
772 1005 887 792
773 1002 1344 596
773 1004 491 772
773 1005 889 791
774 1002 1337 594
774 1004 497 770
774 1005 887 791
775 1002 1335 593
775 1004 502 766
775 1005 881 791
776 1002 1333 590
776 1004 509 764
776 1005 880 790
777 1002 1328 585
777 1004 511 759
777 1005 843 842
778 1002 1325 582
778 1004 511 757
778 1005 860 847
779 1002 1318 580
779 1004 511 753
779 1005 847 845
780 1002 1300 575
780 1004 510 750
780 1005 836 845
781 1002 1288 571
781 1004 509 744
781 1005 822 843
782 1002 1284 568
782 1004 514 741
782 1005 813 841
783 1002 1277 565
783 1004 516 738
783 1005 809 842
784 1002 1273 565
784 1004 517 736
784 1005 808 842
785 1002 1270 561
785 1004 518 732
785 1005 804 842
786 1002 1269 560
786 1004 518 730
786 1005 803 842
787 1002 1268 559
787 1004 520 727
787 1005 801 843
788 1002 1269 559
788 1004 521 723
788 1005 802 843
789 1002 1273 559
789 1004 520 718
789 1005 801 844
790 1002 1274 558
790 1004 519 716
790 1005 797 845
791 1002 1272 558
791 1004 518 710
791 1005 784 845
792 1002 1272 559
792 1004 519 708
792 1005 768 843
793 1002 1261 560
793 1004 519 703
793 1005 742 842
794 1002 1257 560
794 1004 525 700
794 1005 730 842
795 1002 1242 562
795 1004 529 695
795 1005 720 842
796 1002 1236 562
796 1004 531 691
796 1005 718 843
797 1002 1229 564
797 1004 543 685
797 1005 716 843
798 1002 1290 556
798 1004 544 681
798 1005 716 844
799 1002 1269 553
799 1004 549 676
799 1005 715 845
800 1002 1254 551
800 1004 554 672
800 1005 716 845
801 1002 1228 547
801 1004 557 667
801 1005 715 845
802 1002 1210 544
802 1004 558 664
802 1005 715 845
803 1002 1196 543
803 1004 562 661
803 1005 710 844
804 1002 1192 543
804 1004 564 658
804 1005 704 843
805 1002 1188 545
805 1004 567 654
805 1005 692 840
806 1002 1188 549
806 1004 576 651
806 1005 683 838
807 1002 1189 550
807 1004 590 648
807 1005 671 835
808 1002 1188 553
808 1004 598 645
808 1005 668 832
809 1002 1187 554
809 1004 608 640
809 1005 661 830
810 1002 1187 557
810 1004 613 638
810 1005 658 827
811 1002 1179 558
811 1004 624 634
811 1005 660 824
812 1002 1172 558
812 1004 629 632
812 1005 658 822
813 1002 1151 556
813 1004 637 632
813 1005 657 819
814 1002 1138 557
814 1004 640 632
814 1005 659 816
815 1002 1052 570
815 1004 642 631
815 1005 656 813
816 1002 1051 569
816 1004 644 631
816 1005 652 811
817 1002 1027 568
817 1004 645 631
817 1005 638 806
818 1002 1025 567
818 1004 646 631
818 1005 628 801
819 1002 1024 566
819 1004 646 631
819 1005 613 797
820 1002 1029 565
820 1004 647 633
820 1005 599 794
821 1002 1029 566
821 1004 651 634
821 1005 590 790
822 1002 1021 567
822 1004 657 635
822 1005 585 787
823 1002 1066 543
823 1004 669 636
823 1005 581 784
824 1002 1059 541
824 1004 681 637
824 1005 580 783
825 1002 1058 538
825 1004 701 638
825 1005 573 780
826 1002 1059 537
826 1004 712 638
826 1005 570 778
827 1002 1060 534
827 1004 733 637
827 1005 569 777
828 1002 1050 528
828 1004 746 637
828 1005 570 774
829 1002 1031 520
829 1004 753 636
829 1005 568 773
830 1002 1014 514
830 1004 755 637
830 1005 566 770
831 1002 1004 506
831 1004 754 637
831 1005 566 766
832 1002 993 501
832 1004 755 637
832 1005 564 764
833 1002 961 524
833 1004 753 638
833 1005 565 759
834 1002 959 521
834 1004 756 638
834 1005 564 755
835 1002 956 517
835 1004 759 638
835 1005 563 750
836 1002 952 514
836 1004 762 639
836 1005 557 747
837 1002 951 511
837 1004 781 640
837 1005 555 741
838 1002 949 509
838 1004 792 640
838 1005 553 738
839 1002 948 507
839 1004 807 641
839 1005 555 733
840 1002 948 504
840 1004 825 640
840 1005 554 729
841 1002 942 502
841 1004 846 641
841 1005 553 724
842 1002 939 501
842 1004 857 641
842 1005 552 720
843 1002 930 499
843 1004 862 642
843 1005 553 714
844 1002 927 497
844 1004 863 642
844 1005 549 712
845 1002 770 533
845 1004 867 642
845 1005 549 707
846 1002 765 527
846 1004 870 642
846 1005 545 705
847 1002 759 517
847 1004 876 643
847 1005 539 699
848 1002 758 515
848 1004 879 644
848 1005 535 696
849 1002 753 508
849 1004 903 643
849 1005 537 689
850 1002 748 502
850 1004 973 638
850 1005 541 685
851 1002 743 497
851 1004 1002 641
851 1005 536 679
852 1002 738 492
852 1004 1021 643
852 1005 532 675
853 1002 739 489
853 1004 1037 643
853 1005 530 671
854 1002 740 484
854 1004 982 651
854 1005 537 669
855 1002 738 481
855 1004 992 654
855 1005 530 663
856 1002 738 478
856 1004 994 654
856 1005 527 659
857 1002 739 475
857 1004 994 653
857 1005 525 654
858 1002 737 473
858 1004 997 652
858 1005 531 651
859 1002 735 468
859 1004 1001 651
859 1005 531 645
860 1002 734 465
860 1004 1002 651
860 1005 528 640
861 1002 735 460
861 1004 1001 650
861 1005 525 633
862 1002 735 456
862 1004 1005 649
862 1005 522 629
863 1002 729 452
863 1004 1020 647
863 1005 521 624
864 1002 727 447
864 1004 1033 647
864 1005 533 624
865 1002 726 443
865 1004 1048 646
865 1005 545 622
866 1002 726 442
866 1004 1067 644
866 1005 557 622
867 1002 864 384
867 1004 1099 640
867 1005 560 621
868 1002 864 379
868 1004 1114 637
868 1005 562 619
869 1002 853 370
869 1004 1124 636
869 1005 562 617
870 1002 846 365
870 1004 1129 635
870 1005 562 614
871 1002 835 358
871 1004 1133 635
871 1005 569 608
872 1002 828 354
872 1004 1132 633
872 1005 575 606
873 1002 824 347
873 1004 1135 631
873 1005 587 603
874 1002 829 348
874 1004 1137 630
874 1005 593 600
875 1002 827 346
875 1004 1139 628
875 1005 590 598
876 1002 813 341
876 1004 1138 627
876 1005 596 596
877 1002 806 337
877 1004 1138 625
877 1005 600 595
878 1002 803 335
878 1004 1137 624
878 1005 602 594
879 1002 791 327
879 1004 1139 622
879 1005 609 593
880 1002 797 326
880 1004 1145 620
880 1005 611 593
881 1002 797 323
881 1004 1150 619
881 1005 622 591
882 1002 795 321
882 1004 1153 618
882 1005 627 591
883 1002 795 318
883 1004 1165 616
883 1005 640 589
884 1002 795 317
884 1004 1170 613
884 1005 648 587
885 1002 806 321
885 1004 1175 610
885 1005 662 586
886 1002 811 322
886 1004 1182 608
886 1005 670 585
887 1002 813 320
887 1004 1186 605
887 1005 675 582
888 1002 816 319
888 1004 1189 603
888 1005 681 581
889 1002 815 315
889 1004 1194 602
889 1005 685 581
890 1002 813 313
890 1004 1192 601
890 1005 685 581
891 1002 814 311
891 1004 1188 601
891 1005 686 582
892 1002 813 306
892 1004 1183 600
892 1005 686 582
893 1002 811 302
893 1004 1180 597
893 1005 686 583
894 1002 810 298
894 1004 1177 597
894 1005 687 583
895 1002 798 290
895 1004 1166 592
895 1005 686 584
896 1002 794 287
896 1004 1158 591
896 1005 687 584
897 1002 804 287
897 1004 1149 588
897 1005 693 584
898 1002 797 283
898 1004 1143 586
898 1005 697 581
899 1002 792 281
899 1004 1133 581
899 1005 708 581
900 1002 800 285
900 1004 1129 577
900 1005 716 578
901 1002 803 284
901 1004 1122 573
901 1005 724 575
902 1002 793 279
902 1004 1119 571
902 1005 728 573
903 1002 791 276
903 1004 1120 567
903 1005 730 571
904 1002 802 280
904 1004 1123 564
904 1005 730 570
905 1002 796 277
905 1004 1128 559
905 1005 732 568
906 1002 793 276
906 1004 1127 558
906 1005 732 567
907 1002 794 275
907 1004 1126 556
907 1005 734 565
908 1002 793 273
908 1004 1123 553
908 1005 735 562
909 1002 784 271
909 1004 1114 550
909 1005 738 561
910 1002 777 271
910 1004 1102 546
910 1005 744 559
911 1002 775 274
911 1004 1086 541
911 1005 753 559
912 1002 777 276
912 1004 1076 539
912 1005 760 558
913 1002 768 274
913 1004 1067 534
913 1005 763 555
914 1002 760 151
914 1004 1066 532
914 1005 763 554
915 1002 732 143
915 1004 1061 529
915 1005 772 550
916 1002 702 133
916 1004 1057 529
916 1005 779 546
917 1002 691 130
917 1004 1058 525
917 1005 782 545
918 1002 686 128
918 1004 1056 524
918 1005 783 543
919 1002 683 128
919 1004 1052 523
919 1005 785 540
920 1002 689 135
920 1004 1050 521
920 1005 782 539
921 1002 689 137
921 1004 1042 518
921 1005 781 540
922 1002 672 131
922 1004 1032 517
922 1005 781 540
923 1002 666 134
923 1004 1017 515
923 1005 781 540
924 1002 663 134
924 1004 1005 513
924 1005 780 539
925 1002 658 133
925 1004 993 508
925 1005 783 538
926 1002 658 134
926 1004 987 504
926 1005 784 538
927 1002 661 140
927 1004 974 499
927 1005 788 539
928 1002 661 142
928 1004 970 497
928 1005 783 539
929 1002 664 149
929 1004 967 492
929 1005 787 541
930 1002 664 152
930 1004 967 487
930 1005 788 542
931 1002 667 154
931 1004 965 484
931 1005 789 542
932 1002 669 156
932 1004 960 482
932 1005 789 542
933 1002 656 155
933 1004 1005 443
933 1005 789 543
934 1002 633 154
934 1004 1006 438
934 1005 789 544
935 1002 619 150
935 1004 998 431
935 1005 790 544
936 1002 610 148
936 1004 994 425
936 1005 789 544
937 1002 587 145
937 1004 978 414
937 1005 791 544
938 1002 578 144
938 1004 924 454
938 1005 793 544
939 1002 572 143
939 1004 909 443
939 1005 793 544
940 1002 556 137
940 1004 903 436
940 1005 792 542
941 1002 550 133
941 1004 893 425
941 1005 790 542
942 1002 550 135
942 1004 884 420
942 1005 787 543
943 1002 554 141
943 1004 863 407
943 1005 786 543
944 1002 557 144
944 1004 852 400
944 1005 786 542
945 1002 557 150
945 1004 845 394
945 1005 787 541
946 1002 558 153
946 1004 833 388
946 1005 788 541
947 1002 561 161
947 1004 840 386
947 1005 787 540
948 1002 559 167
948 1004 840 386
948 1005 786 539
949 1002 563 176
949 1004 849 388
949 1005 787 538
950 1002 545 172
950 1004 848 391
950 1005 789 538
951 1004 825 384
951 1005 789 535
952 1004 802 377
952 1005 791 534
953 1004 793 375
953 1005 793 531
954 1004 790 373
954 1005 791 529
955 1004 787 371
955 1005 784 525
956 1004 786 369
956 1005 781 522
957 1004 783 368
957 1005 777 519
958 1004 777 363
958 1005 774 515
959 1002 449 187
959 1004 776 359
959 1005 763 509
960 1002 416 178
960 1004 770 352
960 1005 757 506
961 1002 403 180
961 1004 762 347
961 1005 752 503
962 1002 400 181
962 1004 760 342
962 1005 749 499
963 1002 412 191
963 1004 751 334
963 1005 748 493
964 1002 420 200
964 1004 749 331
964 1005 748 491
965 1002 447 212
965 1004 746 327
965 1005 747 488
966 1002 460 217
966 1004 747 326
966 1005 746 483
967 1002 467 225
967 1004 746 320
967 1005 736 479
968 1002 475 234
968 1004 743 315
968 1005 733 475
969 1002 475 236
969 1004 739 316
969 1005 734 469
970 1002 472 236
970 1004 734 311
970 1005 735 466
971 1002 457 237
971 1004 728 309
971 1005 735 461
972 1002 454 237
972 1004 726 308
972 1005 733 461
973 1002 442 239
973 1004 723 306
973 1005 733 457
974 1002 437 240
974 1004 716 302
974 1005 733 455
975 1002 418 240
975 1004 712 300
975 1005 737 451
976 1002 409 239
976 1004 711 298
976 1005 737 450
977 1002 373 234
977 1004 711 297
977 1005 739 446
978 1002 394 247
978 1004 709 296
978 1005 737 446
979 1002 405 253
979 1004 703 299
979 1005 632 390
980 1002 409 255
980 1004 689 299
980 1005 628 389
981 1002 409 259
981 1004 679 298
981 1005 619 390
982 1002 410 262
982 1004 672 299
982 1005 615 389
983 1002 408 266
983 1004 639 165
983 1005 611 390
984 1002 408 268
984 1004 628 161
984 1005 609 389
985 1002 406 273
985 1004 628 157
985 1005 607 390
986 1002 410 276
986 1004 628 156
986 1005 603 389
987 1002 398 278
987 1004 627 155
987 1005 601 389
988 1002 395 280
988 1004 625 153
988 1005 601 388
989 1004 610 146
989 1005 600 388
990 1004 598 137
990 1005 600 388
991 1004 592 133
991 1005 598 386
992 1004 588 130
992 1005 597 385
993 1004 585 129
993 1005 596 383
994 1004 576 124
994 1005 593 383
995 1002 388 318
995 1004 573 123
995 1005 593 381
996 1002 390 325
996 1004 570 122
996 1005 593 381
997 1002 388 331
997 1004 570 122
997 1005 593 380
998 1002 393 339
998 1004 567 122
998 1005 597 381
999 1002 401 347
999 1004 573 124
999 1005 590 381
1000 1002 406 356
1000 1004 564 122
1000 1005 588 379
1001 1002 402 366
1001 1004 542 118
1001 1005 592 381
1002 1002 404 373
1002 1004 530 115
1002 1005 593 381
1003 1002 402 380
1003 1004 510 108
1003 1005 591 384
1004 1002 404 388
1004 1004 494 103
1004 1005 590 385
1005 1002 402 393
1005 1004 464 97
1005 1005 588 391
1006 1002 400 395
1006 1004 450 94
1006 1005 587 392
1007 1002 405 404
1007 1004 440 90
1007 1005 586 392
1008 1002 409 408
1008 1004 436 89
1008 1005 584 391
1009 1002 395 411
1009 1004 436 89
1009 1005 583 389
1010 1002 390 415
1010 1004 436 89
1010 1005 583 388
1011 1002 395 422
1011 1004 436 89
1011 1005 582 386
1012 1002 402 429
1012 1004 436 89
1012 1005 583 383
1013 1002 407 436
1013 1004 436 89
1013 1005 588 385
1014 1002 411 443
1014 1004 436 89
1014 1005 590 384
1015 1002 415 449
1015 1004 433 87
1015 1005 594 385
1016 1002 419 456
1016 1004 422 83
1016 1005 597 384
1017 1002 421 462
1017 1004 388 65
1017 1005 599 386
1018 1002 422 467
1018 1004 369 56
1018 1005 604 384
1019 1002 431 471
1019 1004 357 51
1019 1005 608 385
1020 1002 423 474
1020 1004 325 37
1020 1005 618 389
1021 1002 424 478
1021 1004 321 35
1021 1005 614 388
1022 1002 425 481
1022 1004 321 35
1022 1005 613 388
1023 1002 426 485
1023 1004 348 40
1023 1005 611 385
1024 1002 429 487
1024 1004 355 40
1024 1005 603 379
1025 1002 430 491
1025 1004 388 36
1025 1005 594 372
1026 1002 431 495
1026 1004 385 35
1026 1005 599 372
1027 1002 435 501
1027 1004 379 30
1027 1005 606 371
1028 1002 433 506
1028 1004 375 29
1028 1005 608 370
1029 1002 437 513
1029 1004 372 25
1029 1005 619 373
1030 1002 441 518
1030 1004 361 21
1030 1005 622 376
1031 1002 451 528
1031 1004 362 22
1031 1005 619 385
1032 1002 459 532
1032 1004 354 19
1032 1005 618 382
1033 1002 460 537
1033 1004 347 5
1033 1005 626 377
1034 1002 461 542
1034 1004 352 -2
1034 1005 630 375
1035 1002 462 547
1035 1004 350 -11
1035 1005 629 379
1036 1002 465 548
1036 1004 347 -18
1036 1005 629 378
1037 1002 466 552
1037 1004 350 -22
1037 1005 629 375
1038 1002 469 557
1038 1004 348 -24
1038 1005 626 368
1039 1002 470 562
1039 1004 320 -75
1039 1005 640 362
1040 1002 481 565
1040 1004 313 -78
1040 1005 571 340
1041 1002 483 569
1041 1004 304 -86
1041 1005 563 336
1042 1002 487 572
1042 1004 299 -99
1042 1005 569 338
1043 1002 487 580
1043 1004 292 -128
1043 1005 563 335
1044 1002 493 584
1044 1004 289 -150
1044 1005 558 331
1045 1002 502 591
1045 1004 282 -171
1045 1005 558 333
1046 1002 506 595
1046 1004 276 -192
1046 1005 560 335
1047 1002 511 599
1047 1004 267 -197
1047 1005 551 336
1048 1002 513 600
1048 1004 259 -199
1048 1005 548 337
1049 1002 516 604
1049 1004 213 -131
1049 1005 547 345
1050 1002 518 608
1050 1004 237 -207
1050 1005 549 352
1051 1002 517 613
1051 1004 222 -212
1051 1005 542 359
1052 1002 517 616
1052 1004 190 -140
1052 1005 537 360
1053 1002 518 620
1053 1004 181 -145
1053 1005 528 360
1054 1002 519 624
1054 1004 177 -145
1054 1005 530 361
1055 1002 520 629
1055 1004 169 -149
1055 1005 528 361
1056 1002 520 633
1056 1004 164 -151
1056 1005 526 362
1057 1002 520 636
1057 1004 159 -158
1057 1005 517 361
1058 1002 519 639
1058 1004 157 -166
1058 1005 515 361
1059 1002 520 643
1059 1004 149 -167
1059 1005 514 362
1060 1002 520 646
1060 1004 149 -164
1060 1005 513 363
1061 1002 526 651
1061 1004 132 -169
1061 1005 515 364
1062 1002 528 655
1062 1004 121 -173
1062 1005 515 367
1063 1002 533 659
1063 1004 111 -175
1063 1005 517 371
1064 1002 534 663
1064 1004 104 -179
1064 1005 519 374
1065 1002 542 668
1065 1004 91 -180
1065 1005 519 377
1066 1002 548 671
1066 1004 160 -56
1066 1005 520 381
1067 1002 555 677
1067 1004 87 -188
1067 1005 513 383
1068 1002 560 680
1068 1004 89 -193
1068 1005 503 382
1069 1002 563 685
1069 1004 55 -204
1069 1005 527 200
1070 1002 564 689
1070 1004 43 -206
1070 1005 506 197
1071 1002 564 694
1071 1004 35 -206
1071 1005 490 194
1072 1002 565 697
1072 1004 30 -201
1072 1005 487 194
1073 1002 564 701
1073 1004 25 -193
1073 1005 484 194
1074 1002 565 702
1074 1004 100 -58
1074 1005 481 197
1075 1002 571 707
1075 1004 110 -54
1075 1005 485 200
1076 1002 575 709
1076 1004 116 -51
1076 1005 485 201
1077 1002 589 714
1077 1004 118 -44
1077 1005 485 202
1078 1002 597 718
1078 1004 119 -42
1078 1005 483 205
1079 1002 608 724
1079 1005 480 206
1080 1002 614 726
1080 1005 480 207
1081 1002 622 731
1081 1005 477 207
1082 1002 625 733
1082 1005 461 202
1083 1002 632 737
1083 1005 425 194
1084 1002 640 741
1084 1005 402 187
1085 1002 642 747
1085 1005 381 182
1086 1002 642 750
1086 1005 374 180
1087 1002 644 756
1087 1005 370 178
1088 1002 645 758
1088 1005 367 177
1089 1002 646 763
1089 1005 376 176
1090 1002 572 583
1090 1005 376 173
1091 1002 571 583
1091 1005 376 172
1092 1002 569 585
1092 1005 371 165
1093 1002 568 586
1093 1005 374 163
1094 1002 568 586
1094 1005 372 157
1095 1002 573 589
1095 1005 365 152
1096 1002 578 592
1096 1005 370 147
1097 1002 586 584
1097 1005 376 141
1098 1002 594 581
1098 1005 370 131
1099 1002 604 576
1099 1005 372 123
1100 1002 607 573
1100 1005 349 110
1101 1002 610 569
1101 1005 362 108
1102 1002 610 567
1102 1005 368 103
1103 1002 612 564
1103 1005 367 99
1104 1002 614 563
1104 1005 367 97
1105 1002 615 565
1105 1005 362 90
1106 1002 613 566
1106 1005 361 88
1107 1002 615 569
1107 1005 361 86
1108 1002 616 571
1108 1005 365 88
1109 1002 622 573
1109 1005 364 82
1110 1002 628 576
1110 1005 359 78
1111 1002 638 580
1111 1005 354 69
1112 1002 644 582
1112 1005 353 66
1113 1002 653 582
1113 1005 356 62
1114 1002 658 579
1114 1005 355 59
1115 1002 663 574
1115 1005 359 58
1116 1002 665 571
1116 1005 357 52
1117 1002 666 565
1117 1005 353 48
1118 1002 666 562
1118 1005 349 45
1119 1002 664 559
1119 1005 351 39
1120 1002 662 558
1120 1005 351 36
1121 1002 660 555
1121 1005 358 39
1122 1002 659 556
1122 1005 353 31
1123 1002 659 553
1123 1005 331 13
1124 1002 659 551
1124 1005 277 -11
1125 1002 668 547
1125 1005 249 -29
1126 1002 674 541
1126 1005 235 -38
1127 1002 686 531
1127 1005 273 -24
1128 1002 694 525
1129 1002 705 520
1130 1002 709 517
1131 1002 712 511
1132 1002 715 508
1133 1002 718 504
1134 1002 719 503
1135 1002 719 500
1136 1002 721 499
1137 1002 718 496
1138 1002 717 494
1139 1002 717 484
1140 1002 715 480
1141 1002 714 471
1142 1002 715 467
1143 1002 715 460
1144 1002 716 455
1145 1002 711 448
1146 1002 710 447
1147 1002 713 445
1148 1002 712 445
1149 1002 711 433
1150 1002 975 764
1151 1002 714 404
1152 1002 714 396
1153 1002 711 386
1154 1002 708 382
1155 1002 987 734
1156 1002 984 729
1157 1002 988 723
1158 1002 991 718
1159 1002 993 710
1160 1002 992 705
1161 1002 989 699
1162 1002 987 691
1163 1002 980 683
1164 1002 981 676
1165 1002 980 668
1166 1002 980 663
1167 1002 976 656
1168 1002 973 651
1169 1002 972 642
1170 1002 966 635
1171 1002 959 627
1172 1002 955 621
1173 1002 948 613
1174 1002 940 608
1175 1002 940 600
1176 1002 939 596
1177 1002 937 589
1178 1002 937 585
1179 1002 934 579
1180 1002 937 574
1181 1002 928 569
1182 1002 918 565
1183 1002 909 561
1184 1002 893 556
1185 1002 875 549
1186 1002 860 542
1187 1002 854 536
1188 1002 842 532
1189 1002 830 528
1190 1002 826 525
1191 1002 823 520
1192 1002 821 516
1193 1002 817 512
1194 1002 815 509
1195 1002 817 503
1196 1002 814 500
1197 1002 807 491
1198 1002 803 486
1199 1002 780 480
1200 1002 767 476
1201 1002 753 470
1202 1002 748 466
1203 1002 744 462
1204 1002 741 460
1205 1002 739 458
1206 1002 740 455
1207 1002 739 451
1208 1002 737 449
1209 1002 736 444
1210 1002 732 443
1211 1002 717 439
1212 1002 700 435
1213 1002 682 431
1214 1002 670 426
1215 1002 664 423
1216 1002 659 422
1217 1002 655 419
1218 1002 652 417
1219 1002 652 412
1220 1002 652 410
1221 1002 652 405
1222 1002 652 403
1223 1002 644 396
1224 1002 642 393
1225 1002 630 387
1226 1002 624 382
1227 1002 616 376
1228 1002 613 374
1229 1002 612 370
1230 1002 613 367
1231 1002 573 264
1232 1002 573 263
1233 1002 575 260
1234 1002 575 258
1235 1002 570 256
1236 1002 567 255
1237 1002 555 251
1238 1002 546 244
1239 1002 525 235
1240 1002 506 223
1241 1002 478 213
1242 1002 468 209
1243 1002 461 206
1244 1002 461 201
1245 1002 457 199
1246 1002 457 198
1247 1002 457 196
1248 1002 456 192
1249 1002 452 188
1250 1002 445 180
1251 1002 434 174
1252 1002 417 167
1253 1002 399 156
1254 1002 394 147
1255 1002 389 142
1256 1002 388 136
1257 1002 384 132
1258 1002 384 129
1259 1002 383 125
1260 1002 386 124
1260 1005 437 175
1261 1002 386 123
1261 1005 437 172
1262 1002 382 120
1262 1005 436 156
1263 1002 377 113
1263 1005 433 157
1264 1002 380 112
1264 1005 430 159
1265 1002 368 101
1265 1005 426 162
1266 1002 358 90
1266 1005 425 161
1267 1002 356 81
1267 1005 422 151
1268 1002 359 78
1268 1005 418 138
1269 1002 359 76
1269 1005 413 113
1270 1002 365 74
1270 1005 409 98
1271 1002 361 69
1271 1005 406 78
1272 1002 361 68
1272 1005 401 61
1273 1002 360 62
1273 1005 396 49
1274 1002 355 58
1274 1005 391 44
1275 1002 347 53
1275 1005 384 42
1276 1002 346 48
1276 1005 380 39
1277 1002 357 48
1277 1005 373 37
1278 1002 351 40
1278 1005 371 40
1279 1002 350 31
1279 1005 365 36
1280 1002 341 24
1280 1005 361 29
1281 1002 344 24
1281 1005 353 -5
1282 1002 348 24
1282 1005 348 -32
1283 1002 352 25
1283 1005 340 -63
1284 1002 344 22
1284 1005 337 -80
1285 1002 344 22
1285 1005 333 -94
1286 1002 344 22
1286 1005 327 -103
1287 1002 351 21
1287 1005 320 -108
1288 1002 347 18
1288 1005 315 -111
1289 1002 334 10
1289 1005 307 -117
1290 1002 326 7
1290 1005 304 -116
1291 1002 283 -15
1291 1005 295 -119
1292 1002 258 -22
1292 1005 288 -120
1293 1002 250 -24
1293 1005 279 -134
1294 1002 250 -23
1294 1005 272 -150
1295 1002 253 -27
1295 1005 263 -166
1296 1002 254 -23
1296 1005 258 -174
1297 1002 250 -23
1297 1005 249 -181
1298 1002 246 -24
1298 1005 242 -187
1299 1002 249 -29
1299 1005 233 -194
1300 1002 253 -29
1300 1005 224 -201
1301 1002 257 -27
1301 1005 212 -207
1302 1002 261 -26
1302 1005 205 -208
1303 1002 265 -25
1303 1005 194 -212
1304 1002 261 -26
1304 1005 186 -219
1305 1005 178 -230
1306 1002 239 -34
1306 1005 170 -238
1307 1002 230 -38
1307 1005 166 -257
1308 1005 160 -272
1309 1002 210 -39
1309 1005 150 -285
1310 1005 141 -291
1311 1005 124 -295
1312 1005 109 -298
1313 1005 88 -299
1314 1005 79 -304
1315 1005 71 -315
1316 1005 64 -319
1317 1002 165 -56
1317 1005 50 -324
1318 1002 165 -56
1318 1005 45 -333
1319 1002 148 -68
1319 1005 35 -331
1320 1002 154 -63
1320 1005 34 -336
1321 1002 101 -83
1321 1005 31 -339
1322 1002 116 -75
1322 1005 25 -335
1323 1002 109 -84
1323 1005 14 -330
1324 1002 83 -96
1324 1005 11 -327
1325 1002 80 -93
1325 1005 -4 -317
1326 1002 75 -93
1326 1005 -13 -315
1327 1002 75 -93
1327 1005 -25 -312
1328 1002 81 -89
1328 1005 -28 -313
1329 1002 81 -89
1329 1005 -38 -312
1330 1002 81 -89
1330 1005 -49 -310
1331 1002 81 -89
1331 1005 -71 -292
1332 1002 86 -87
1332 1005 -86 -272
1333 1002 40 -106
1333 1005 -100 -264
1334 1002 24 -112
1334 1005 -108 -256
1335 1002 13 -116
1335 1005 -116 -243
1336 1002 13 -116
1336 1005 -121 -233
1337 1002 13 -116
1337 1005 -122 -230
1338 1002 13 -116
1338 1005 -123 -229
1339 1002 13 -116
1339 1005 -127 -229
1340 1002 13 -116
1341 1002 13 -116
