1648722360.1 2 1 758 1119
1648722360.15 3 1 758 1113
1648722360.2 4 1 757 1110
1648722360.25 5 1 756 1110
1648722360.3 6 1 755 1110
1648722360.35 7 1 755 1111
1648722360.4 8 1 754 1111
1648722360.45 9 1 754 1111
1648722360.5 10 1 754 1112
1648722360.55 11 1 755 1113
1648722360.6 12 1 756 1114
1648722360.65 13 1 756 1115
1648722360.7 14 1 757 1116
1648722360.75 15 1 758 1115
1648722360.8 16 1 758 1114
1648722360.85 17 1 758 1113
1648722360.9 18 1 759 1113
1648722360.95 19 1 759 1112
1648722361.0 20 1 759 1113
1648722361.05 21 1 758 1112
1648722361.1 22 1 758 1113
1648722361.15 23 1 758 1113
1648722361.5 30 1 795 1113
1648722361.55 31 1 798 1111
1648722361.6 32 1 801 1110
1648722361.65 33 1 802 1109
1648722361.7 34 1 803 1109
1648722361.75 35 1 804 1108
1648722361.8 36 1 803 1107
1648722361.85 37 1 802 1106
1648722361.9 38 1 802 1105
1648722361.95 39 1 802 1103
1648722362.0 40 1 801 1105
1648722362.05 41 1 802 1107
1648722362.1 42 1 804 1110
1648722362.15 43 1 804 1110
1648722362.2 44 1 804 1110
1648722362.25 45 1 798 1111
1648722362.3 46 1 793 1112
1648722362.35 47 1 789 1113
1648722362.4 48 1 786 1114
1648722362.45 49 1 784 1114
1648722362.55 51 1 782 1114
1648722362.6 52 1 781 1114
1648722362.9 58 1 800 1109
1648722362.95 59 1 802 1109
1648722363.0 60 1 798 1109
1648722363.05 61 1 797 1110
1648722363.1 62 1 796 1110
1648722363.15 63 1 796 1110
1648722363.2 64 1 796 1110
1648722363.25 65 1 798 1107
1648722363.3 66 1 798 1106
1648722363.35 67 1 797 1105
1648722363.4 68 1 793 1105
1648722363.45 69 1 790 1103
1648722363.5 70 1 787 1103
1648722363.55 71 1 787 1101
1648722363.6 72 1 785 1102
1648722363.65 73 1 784 1100
1648722363.7 74 1 785 1098
1648722363.75 75 1 784 1097
1648722363.8 76 1 818 1095
1648722363.85 77 1 821 1092
1648722363.9 78 1 843 1089
1648722363.95 79 1 858 1085
1648722364.0 80 1 864 1081
1648722364.05 81 1 868 1077
1648722364.1 82 1 872 1073
1648722364.15 83 1 871 1070
1648722364.2 84 1 860 1069
1648722364.25 85 1 850 1067
1648722364.3 86 1 841 1066
1648722364.35 87 1 835 1065
1648722364.4 88 1 839 1063
1648722364.45 89 1 842 1061
1648722364.5 90 1 845 1059
1648722364.55 91 1 848 1058
1648722364.6 92 1 850 1058
1648722364.65 93 1 852 1057
1648722364.7 94 1 854 1056
1648722364.75 95 1 855 1056
1648722364.8 96 1 855 1055
1648722364.85 97 1 856 1044
1648722364.9 98 1 856 1043
1648722364.95 99 1 856 1042
1648722365.0 100 1 856 1030
1648722365.05 101 1 857 1032
1648722365.1 102 1 857 1034
1648722365.1 102 2 1391 1080
1648722365.15 103 1 856 1035
1648722365.15 103 2 1394 1081
1648722365.2 104 1 856 1037
1648722365.2 104 2 1398 1081
1648722365.25 105 1 856 1039
1648722365.25 105 2 1402 1081
1648722365.3 106 1 856 1042
1648722365.3 106 2 1406 1083
1648722365.35 107 1 857 1036
1648722365.35 107 2 1410 1079
1648722365.4 108 1 858 1031
1648722365.4 108 2 1414 1077
1648722365.45 109 1 858 1027
1648722365.45 109 2 1418 1074
1648722365.5 110 1 857 1023
1648722365.5 110 2 1420 1071
1648722365.55 111 1 856 1020
1648722365.55 111 2 1422 1069
1648722365.6 112 1 856 1017
1648722365.6 112 2 1421 1069
1648722365.65 113 1 856 1015
1648722365.65 113 2 1420 1069
1648722365.7 114 1 856 1014
1648722365.7 114 2 1419 1071
1648722365.75 115 1 855 1014
1648722365.75 115 2 1419 1073
1648722365.8 116 1 854 1013
1648722365.8 116 2 1418 1074
1648722365.85 117 1 854 1012
1648722365.85 117 2 1419 1076
1648722365.9 118 1 854 1012
1648722365.9 118 2 1420 1078
1648722365.95 119 1 854 1011
1648722365.95 119 2 1421 1080
1648722366.0 120 1 854 1012
1648722366.0 120 2 1424 1081
1648722366.05 121 1 854 1012
1648722366.05 121 2 1425 1085
1648722366.1 122 1 854 1012
1648722366.1 122 2 1427 1088
1648722366.15 123 1 854 1012
1648722366.15 123 2 1428 1092
1648722366.2 124 1 855 1012
1648722366.2 124 2 1428 1095
1648722366.25 125 1 847 1023
1648722366.25 125 2 1428 1097
1648722366.3 126 1 839 1032
1648722366.3 126 2 1428 1099
1648722366.35 127 1 834 1040
1648722366.35 127 2 1428 1101
1648722366.4 128 1 838 1045
1648722366.4 128 2 1427 1102
1648722366.45 129 1 842 1049
1648722366.45 129 2 1426 1103
1648722366.5 130 1 846 1044
1648722366.5 130 2 1427 1103
1648722366.55 131 1 850 1038
1648722366.55 131 2 1426 1103
1648722366.6 132 1 853 1033
1648722366.6 132 2 1426 1103
1648722366.65 133 1 855 1027
1648722366.65 133 2 1425 1103
1648722366.7 134 1 856 1023
1648722366.7 134 2 1424 1103
1648722366.75 135 1 858 1017
1648722366.75 135 2 1424 1103
1648722366.8 136 1 858 1014
1648722366.8 136 2 1423 1102
1648722366.85 137 1 858 1010
1648722366.85 137 2 1422 1101
1648722366.9 138 1 858 1007
1648722366.9 138 2 1422 1100
1648722366.95 139 1 857 1005
1648722366.95 139 2 1422 1098
1648722367.0 140 1 857 1003
1648722367.0 140 2 1421 1097
1648722367.05 141 1 856 1004
1648722367.05 141 2 1421 1095
1648722367.1 142 1 856 1004
1648722367.1 142 2 1421 1094
1648722367.15 143 1 855 1004
1648722367.15 143 2 1419 1092
1648722367.2 144 1 855 1005
1648722367.2 144 2 1418 1091
1648722367.25 145 1 854 1004
1648722367.25 145 2 1417 1090
1648722367.3 146 1 854 1005
1648722367.3 146 2 1416 1090
1648722367.35 147 1 854 1005
1648722367.35 147 2 1415 1090
1648722367.4 148 1 854 1006
1648722367.4 148 2 1414 1090
1648722367.45 149 1 853 1007
1648722367.45 149 2 1412 1089
1648722367.5 150 1 853 1008
1648722367.5 150 2 1411 1088
1648722367.55 151 1 853 1008
1648722367.55 151 2 1411 1087
1648722367.6 152 1 853 1008
1648722367.6 152 2 1412 1086
1648722367.65 153 1 853 1010
1648722367.65 153 2 1412 1085
1648722367.7 154 1 852 1011
1648722367.7 154 2 1412 1084
1648722367.75 155 1 845 1008
1648722367.75 155 2 1413 1084
1648722367.8 156 1 839 1006
1648722367.8 156 2 1414 1083
1648722367.85 157 1 833 1004
1648722367.85 157 2 1414 1081
1648722367.9 158 1 829 1002
1648722367.9 158 2 1413 1081
1648722367.95 159 1 826 1001
1648722367.95 159 2 1414 1081
1648722368.0 160 1 824 1000
1648722368.0 160 2 1413 1080
1648722368.05 161 1 831 1000
1648722368.05 161 2 1413 1079
1648722368.1 162 1 837 1000
1648722368.1 162 2 1413 1079
1648722368.15 163 1 842 1000
1648722368.15 163 2 1414 1078
1648722368.2 164 1 847 1000
1648722368.2 164 2 1414 1078
1648722368.25 165 1 850 1000
1648722368.25 165 2 1414 1078
1648722368.3 166 1 853 999
1648722368.3 166 2 1415 1078
1648722368.35 167 1 854 999
1648722368.35 167 2 1415 1077
1648722368.4 168 1 855 999
1648722368.4 168 2 1414 1077
1648722368.45 169 1 856 999
1648722368.45 169 2 1414 1077
1648722368.5 170 1 856 998
1648722368.5 170 2 1415 1076
1648722368.55 171 1 856 998
1648722368.55 171 2 1415 1076
1648722368.6 172 1 856 998
1648722368.6 172 2 1414 1076
1648722368.65 173 1 855 997
1648722368.65 173 2 1413 1075
1648722368.7 174 1 855 997
1648722368.7 174 2 1412 1075
1648722368.75 175 1 855 996
1648722368.75 175 2 1412 1075
1648722368.8 176 1 854 996
1648722368.8 176 2 1412 1074
1648722368.85 177 1 854 996
1648722368.85 177 2 1413 1074
1648722368.9 178 1 854 997
1648722368.9 178 2 1413 1074
1648722368.95 179 1 854 997
1648722368.95 179 2 1413 1074
1648722369.0 180 1 854 998
1648722369.0 180 2 1414 1073
1648722369.05 181 1 846 998
1648722369.05 181 2 1415 1073
1648722369.1 182 1 839 997
1648722369.1 182 2 1416 1073
1648722369.15 183 1 833 997
1648722369.15 183 2 1416 1072
1648722369.2 184 1 829 997
1648722369.2 184 2 1417 1072
1648722369.25 185 1 826 997
1648722369.25 185 2 1417 1072
1648722369.3 186 1 824 997
1648722369.3 186 2 1417 1072
1648722369.35 187 1 823 996
1648722369.35 187 2 1417 1072
1648722369.4 188 1 823 996
1648722369.4 188 2 1417 1071
1648722369.45 189 1 823 996
1648722369.45 189 2 1416 1071
1648722369.5 190 1 823 996
1648722369.5 190 2 1416 1070
1648722369.55 191 1 823 995
1648722369.55 191 2 1417 1070
1648722369.6 192 1 824 995
1648722369.6 192 2 1416 1070
1648722369.65 193 1 825 995
1648722369.65 193 2 1416 1069
1648722369.7 194 1 825 994
1648722369.7 194 2 1415 1069
1648722369.75 195 1 826 994
1648722369.75 195 2 1413 1068
1648722369.8 196 1 826 995
1648722369.8 196 2 1412 1068
1648722369.85 197 1 834 996
1648722369.85 197 2 1412 1068
1648722369.9 198 1 841 996
1648722369.9 198 2 1412 1068
1648722369.95 199 1 846 997
1648722369.95 199 2 1412 1068
1648722370.0 200 1 851 998
1648722370.0 200 2 1411 1069
1648722370.05 201 1 854 997
1648722370.05 201 2 1409 1069
1648722370.1 202 1 856 997
1648722370.1 202 2 1408 1069
1648722370.15 203 1 857 997
1648722370.15 203 2 1408 1069
1648722370.2 204 1 858 996
1648722370.2 204 2 1407 1069
1648722370.25 205 1 857 996
1648722370.25 205 2 1408 1069
1648722370.3 206 1 857 996
1648722370.3 206 2 1409 1069
1648722370.35 207 1 857 996
1648722370.35 207 2 1409 1070
1648722370.4 208 1 856 996
1648722370.4 208 2 1410 1070
1648722370.45 209 1 855 996
1648722370.45 209 2 1411 1071
1648722370.5 210 1 847 995
1648722370.5 210 2 1412 1071
1648722370.55 211 1 847 995
1648722370.55 211 2 1413 1071
1648722370.6 212 1 848 995
1648722370.6 212 2 1414 1071
1648722370.65 213 1 849 995
1648722370.65 213 2 1413 1071
1648722370.7 214 1 850 995
1648722370.7 214 2 1414 1071
1648722370.75 215 1 851 994
1648722370.75 215 2 1415 1071
1648722370.8 216 1 844 993
1648722370.8 216 2 1415 1072
1648722370.85 217 1 846 992
1648722370.85 217 2 1416 1072
1648722370.9 218 1 840 991
1648722370.9 218 2 1416 1073
1648722370.95 219 1 842 991
1648722370.95 219 2 1416 1073
1648722371.0 220 1 837 990
1648722371.0 220 2 1416 1073
1648722371.05 221 1 833 991
1648722371.05 221 2 1415 1074
1648722371.1 222 1 829 992
1648722371.1 222 2 1415 1074
1648722371.15 223 1 827 993
1648722371.15 223 2 1415 1074
1648722371.2 224 1 825 994
1648722371.2 224 2 1415 1074
1648722371.25 225 1 824 995
1648722371.25 225 2 1414 1074
1648722371.3 226 1 824 996
1648722371.3 226 2 1413 1073
1648722371.35 227 1 823 997
1648722371.35 227 2 1412 1073
1648722371.4 228 1 823 997
1648722371.4 228 2 1412 1072
1648722371.45 229 1 823 998
1648722371.45 229 2 1411 1072
1648722371.5 230 1 824 999
1648722371.5 230 2 1412 1072
1648722371.55 231 1 825 999
1648722371.55 231 2 1412 1072
1648722371.6 232 1 825 1000
1648722371.6 232 2 1412 1071
1648722371.65 233 1 825 1000
1648722371.65 233 2 1412 1071
1648722371.7 234 1 825 1000
1648722371.7 234 2 1414 1071
1648722371.75 235 1 826 1000
1648722371.75 235 2 1414 1071
1648722371.8 236 1 826 1001
1648722371.8 236 2 1416 1073
1648722371.85 237 1 826 1001
1648722371.85 237 2 1418 1074
1648722371.9 238 1 827 1002
1648722371.9 238 2 1419 1075
1648722371.95 239 1 827 1003
1648722371.95 239 2 1421 1076
1648722372.0 240 1 827 1003
1648722372.0 240 2 1422 1076
1648722372.05 241 1 835 1003
1648722372.05 241 2 1424 1076
1648722372.1 242 1 841 1004
1648722372.1 242 2 1424 1075
1648722372.15 243 1 847 1005
1648722372.15 243 2 1424 1074
1648722372.2 244 1 851 1005
1648722372.2 244 2 1422 1074
1648722372.25 245 1 854 1006
1648722372.25 245 2 1420 1075
1648722372.3 246 1 856 1007
1648722372.3 246 2 1415 1074
1648722372.35 247 1 857 1008
1648722372.35 247 2 1412 1073
1648722372.4 248 1 857 1008
1648722372.4 248 2 1408 1072
1648722372.45 249 1 857 1018
1648722372.45 249 2 1403 1074
1648722372.5 250 1 857 1016
1648722372.5 250 2 1397 1075
1648722372.55 251 1 856 1024
1648722372.55 251 2 1392 1076
1648722372.6 252 1 855 1030
1648722372.6 252 2 1384 1078
1648722372.65 253 1 855 1035
1648722372.65 253 2 1375 1081
1648722372.7 254 1 854 1039
1648722372.7 254 2 1367 1084
1648722372.75 255 1 854 1042
1648722372.75 255 2 1361 1087
1648722372.8 256 1 854 1045
1648722372.8 256 2 1356 1090
1648722372.85 257 1 853 1047
1648722372.85 257 2 1350 1093
1648722372.9 258 1 854 1048
1648722372.9 258 2 1347 1095
1648722372.95 259 1 854 1048
1648722372.95 259 2 1344 1097
1648722373.0 260 1 854 1049
1648722373.0 260 2 1344 1099
1648722373.05 261 1 846 1049
1648722373.05 261 2 1347 1100
1648722373.1 262 1 840 1049
1648722373.1 262 2 1351 1100
1648722373.15 263 1 835 1050
1648722373.15 263 2 1356 1099
1648722373.2 264 1 839 1049
1648722373.2 264 2 1360 1097
1648722373.25 265 1 842 1049
1648722373.25 265 2 1367 1096
1648722373.3 266 1 845 1049
1648722373.3 266 2 1376 1093
1648722373.35 267 1 841 1049
1648722373.35 267 2 1385 1091
1648722373.4 268 1 844 1049
1648722373.4 268 2 1393 1089
1648722373.45 269 1 847 1049
1648722373.45 269 2 1402 1085
1648722373.5 270 1 842 1048
1648722373.5 270 2 1409 1081
1648722373.55 271 1 838 1048
1648722373.55 271 2 1414 1078
1648722373.6 272 1 842 1048
1648722373.6 272 2 1417 1076
1648722373.65 273 1 845 1048
1648722373.65 273 2 1419 1076
1648722373.7 274 1 848 1048
1648722373.7 274 2 1420 1076
1648722373.75 275 1 850 1038
1648722373.75 275 2 1419 1075
1648722373.8 276 1 852 1030
1648722373.8 276 2 1417 1075
1648722373.85 277 1 854 1022
1648722373.85 277 2 1416 1074
1648722373.9 278 1 855 1015
1648722373.9 278 2 1416 1074
1648722373.95 279 1 856 1010
1648722373.95 279 2 1418 1075
1648722374.0 280 1 856 1015
1648722374.0 280 2 1420 1075
1648722374.05 281 1 856 1019
1648722374.05 281 2 1421 1076
1648722374.1 282 1 855 1024
1648722374.1 282 2 1421 1078
1648722374.15 283 1 855 1028
1648722374.15 283 2 1420 1079
1648722374.2 284 1 855 1031
1648722374.2 284 2 1419 1080
1648722374.25 285 1 855 1033
1648722374.25 285 2 1417 1081
1648722374.3 286 1 855 1035
1648722374.3 286 2 1416 1079
1648722374.35 287 1 855 1037
1648722374.35 287 2 1414 1079
1648722374.4 288 1 854 1038
1648722374.4 288 2 1412 1080
1648722374.45 289 1 854 1039
1648722374.45 289 2 1410 1080
1648722374.5 290 1 854 1040
1648722374.5 290 2 1409 1079
1648722374.55 291 1 854 1040
1648722374.55 291 2 1407 1079
1648722374.6 292 1 853 1040
1648722374.6 292 2 1407 1079
1648722374.65 293 1 853 1040
1648722374.65 293 2 1406 1079
1648722374.7 294 1 853 1040
1648722374.7 294 2 1406 1078
1648722374.75 295 1 853 1041
1648722374.75 295 2 1406 1078
1648722374.8 296 1 853 1041
1648722374.8 296 2 1406 1078
1648722374.85 297 1 853 1041
1648722374.85 297 2 1408 1078
1648722374.9 298 1 853 1041
1648722374.9 298 2 1410 1079
1648722374.95 299 1 853 1041
1648722374.95 299 2 1412 1079
1648722375.0 300 1 853 1042
1648722375.0 300 2 1413 1080
1648722375.05 301 1 854 1033
1648722375.05 301 2 1416 1080
1648722375.1 302 1 854 1025
1648722375.1 302 2 1418 1080
1648722375.15 303 1 854 1018
1648722375.15 303 2 1419 1080
1648722375.2 304 1 854 1012
1648722375.2 304 2 1420 1080
1648722375.25 305 1 855 1008
1648722375.25 305 2 1419 1079
1648722375.3 306 1 855 1004
1648722375.3 306 2 1419 1080
1648722375.35 307 1 855 1001
1648722375.35 307 2 1419 1080
1648722375.4 308 1 855 999
1648722375.4 308 2 1419 1080
1648722375.45 309 1 855 998
1648722375.45 309 2 1418 1080
1648722375.5 310 1 855 997
1648722375.5 310 2 1417 1081
1648722375.55 311 1 855 996
1648722375.55 311 2 1414 1081
1648722375.6 312 1 855 996
1648722375.6 312 2 1413 1081
1648722375.65 313 1 855 996
1648722375.65 313 2 1411 1081
1648722375.7 314 1 855 996
1648722375.7 314 2 1413 1081
1648722375.75 315 1 855 995
1648722375.75 315 2 1413 1081
1648722375.8 316 1 855 995
1648722375.8 316 2 1413 1081
1648722375.85 317 1 854 995
1648722375.85 317 2 1414 1081
1648722375.9 318 1 854 995
1648722375.9 318 2 1414 1080
1648722375.95 319 1 854 995
1648722375.95 319 2 1414 1078
1648722376.0 320 1 854 995
1648722376.0 320 2 1413 1077
1648722376.05 321 1 855 995
1648722376.05 321 2 1414 1076
1648722376.1 322 1 854 1003
1648722376.1 322 2 1414 1075
1648722376.15 323 1 854 1010
1648722376.15 323 2 1415 1073
1648722376.2 324 1 853 1016
1648722376.2 324 2 1415 1071
1648722376.25 325 1 853 1013
1648722376.25 325 2 1415 1069
1648722376.3 326 1 853 1010
1648722376.3 326 2 1415 1069
1648722376.35 327 1 853 1007
1648722376.35 327 2 1414 1069
1648722376.4 328 1 853 1004
1648722376.4 328 2 1414 1069
1648722376.45 329 1 853 1002
1648722376.45 329 2 1415 1069
1648722376.5 330 1 853 1000
1648722376.5 330 2 1416 1068
1648722376.55 331 1 853 998
1648722376.55 331 2 1417 1068
1648722376.6 332 1 853 996
1648722376.6 332 2 1417 1068
1648722376.65 333 1 853 995
1648722376.65 333 2 1417 1068
1648722376.7 334 1 853 995
1648722376.7 334 2 1418 1068
1648722376.75 335 1 853 994
1648722376.75 335 2 1418 1068
1648722376.8 336 1 853 994
1648722376.8 336 2 1418 1068
1648722376.85 337 1 853 995
1648722376.85 337 2 1418 1068
1648722376.9 338 1 853 995
1648722376.9 338 2 1418 1068
1648722376.95 339 1 852 996
1648722376.95 339 2 1418 1068
1648722377.0 340 1 853 997
1648722377.0 340 2 1418 1068
1648722377.05 341 1 853 998
1648722377.05 341 2 1417 1068
1648722377.1 342 1 854 999
1648722377.1 342 2 1417 1066
1648722377.15 343 1 854 1000
1648722377.15 343 2 1417 1065
1648722377.2 344 1 854 1000
1648722377.2 344 2 1415 1063
1648722377.25 345 1 854 1002
1648722377.25 345 2 1413 1062
1648722377.3 346 1 854 1003
1648722377.3 346 2 1412 1061
1648722377.35 347 1 854 1004
1648722377.35 347 2 1410 1061
1648722377.4 348 1 854 1005
1648722377.4 348 2 1409 1060
1648722377.45 349 1 854 1005
1648722377.45 349 2 1408 1060
1648722377.5 350 1 854 1006
1648722377.5 350 2 1408 1060
1648722377.55 351 1 854 1007
1648722377.55 351 2 1407 1060
1648722377.6 352 1 854 1007
1648722377.6 352 2 1407 1060
1648722377.65 353 1 854 1008
1648722377.65 353 2 1408 1060
1648722377.7 354 1 854 1008
1648722377.7 354 2 1408 1061
1648722377.75 355 1 854 1008
1648722377.75 355 2 1408 1060
1648722377.8 356 1 854 1008
1648722377.8 356 2 1408 1061
1648722377.85 357 1 854 1008
1648722377.85 357 2 1408 1061
1648722377.9 358 1 854 1008
1648722377.9 358 2 1408 1061
1648722377.95 359 1 854 1008
1648722377.95 359 2 1408 1062
1648722378.0 360 1 854 1008
1648722378.0 360 2 1408 1062
1648722378.05 361 1 854 1007
1648722378.05 361 2 1410 1062
1648722378.1 362 1 854 1007
1648722378.1 362 2 1411 1062
1648722378.15 363 1 854 1007
1648722378.15 363 2 1412 1062
1648722378.2 364 1 854 1007
1648722378.2 364 2 1414 1062
1648722378.25 365 1 855 1007
1648722378.25 365 2 1415 1062
1648722378.3 366 1 855 1007
1648722378.3 366 2 1414 1063
1648722378.35 367 1 854 1007
1648722378.35 367 2 1414 1063
1648722378.4 368 1 854 1007
1648722378.4 368 2 1414 1064
1648722378.45 369 1 854 1007
1648722378.45 369 2 1414 1064
1648722378.5 370 1 855 1006
1648722378.5 370 2 1415 1065
1648722378.55 371 1 855 1006
1648722378.55 371 2 1415 1066
1648722378.6 372 1 854 1006
1648722378.6 372 2 1416 1067
1648722378.65 373 1 855 1006
1648722378.65 373 2 1416 1067
1648722378.7 374 1 855 1005
1648722378.7 374 2 1415 1068
1648722378.75 375 1 855 1004
1648722378.75 375 2 1415 1068
1648722378.8 376 1 855 1003
1648722378.8 376 2 1415 1067
1648722378.85 377 1 855 1003
1648722378.85 377 2 1415 1067
1648722378.9 378 1 855 1002
1648722378.9 378 2 1415 1067
1648722378.95 379 1 855 1002
1648722378.95 379 2 1414 1067
1648722379.0 380 1 854 1001
1648722379.0 380 2 1415 1066
1648722379.05 381 1 854 1001
1648722379.05 381 2 1411 1067
1648722379.1 382 1 854 1001
1648722379.1 382 2 1409 1069
1648722379.15 383 1 854 1002
1648722379.15 383 2 1408 1070
1648722379.2 384 1 854 1002
1648722379.2 384 2 1406 1071
1648722379.25 385 1 855 1001
1648722379.25 385 2 1406 1072
1648722379.3 386 1 855 1001
1648722379.3 386 2 1405 1073
1648722379.35 387 1 855 1000
1648722379.35 387 2 1405 1073
1648722379.4 388 1 856 999
1648722379.4 388 2 1405 1074
1648722379.45 389 1 855 998
1648722379.45 389 2 1404 1074
1648722379.5 390 1 846 996
1648722379.5 390 2 1405 1074
1648722379.55 391 1 838 995
1648722379.55 391 2 1406 1075
1648722379.6 392 1 831 994
1648722379.6 392 2 1407 1075
1648722379.65 393 1 826 993
1648722379.65 393 2 1408 1076
1648722379.7 394 1 823 993
1648722379.7 394 2 1410 1075
1648722379.75 395 1 821 993
1648722379.75 395 2 1412 1074
1648722379.8 396 1 819 993
1648722379.8 396 2 1414 1073
1648722379.85 397 1 819 993
1648722379.85 397 2 1415 1072
1648722379.9 398 1 818 994
1648722379.9 398 2 1416 1072
1648722379.95 399 1 818 994
1648722379.95 399 2 1416 1071
1648722380.0 400 1 819 994
1648722380.0 400 2 1415 1070
1648722380.05 401 1 819 995
1648722380.05 401 2 1416 1070
1648722380.1 402 1 820 995
1648722380.1 402 2 1416 1069
1648722380.15 403 1 820 996
1648722380.15 403 2 1416 1068
1648722380.2 404 1 821 996
1648722380.2 404 2 1416 1068
1648722380.25 405 1 821 997
1648722380.25 405 2 1416 1067
1648722380.3 406 1 822 997
1648722380.3 406 2 1415 1067
1648722380.35 407 1 822 998
1648722380.35 407 2 1414 1066
1648722380.4 408 1 823 998
1648722380.4 408 2 1412 1065
1648722380.45 409 1 823 999
1648722380.45 409 2 1412 1065
1648722380.5 410 1 823 1000
1648722380.5 410 2 1413 1065
1648722380.55 411 1 823 1000
1648722380.55 411 2 1413 1064
1648722380.6 412 1 823 1001
1648722380.6 412 2 1413 1064
1648722380.65 413 1 824 1001
1648722380.65 413 2 1413 1064
1648722380.7 414 1 824 1001
1648722380.7 414 2 1413 1065
1648722380.75 415 1 824 1001
1648722380.75 415 2 1413 1064
1648722380.8 416 1 825 1001
1648722380.8 416 2 1412 1064
1648722380.85 417 1 825 1001
1648722380.85 417 2 1411 1064
1648722380.9 418 1 825 1001
1648722380.9 418 2 1411 1064
1648722380.95 419 1 825 1001
1648722380.95 419 2 1411 1064
1648722381.0 420 1 825 1001
1648722381.0 420 2 1411 1064
1648722381.05 421 1 825 1002
1648722381.05 421 2 1411 1064
1648722381.1 422 1 825 1003
1648722381.1 422 2 1411 1063
1648722381.15 423 1 825 1004
1648722381.15 423 2 1411 1063
1648722381.2 424 1 825 1005
1648722381.2 424 2 1411 1063
1648722381.25 425 1 825 1006
1648722381.25 425 2 1411 1062
1648722381.3 426 1 825 1006
1648722381.3 426 2 1411 1062
1648722381.35 427 1 824 1006
1648722381.35 427 2 1411 1062
1648722381.4 428 1 824 1006
1648722381.4 428 2 1411 1062
1648722381.45 429 1 825 1007
1648722381.45 429 2 1411 1062
1648722381.5 430 1 824 1007
1648722381.5 430 2 1411 1062
1648722381.55 431 1 824 1007
1648722381.55 431 2 1411 1062
1648722381.6 432 1 824 1007
1648722381.6 432 2 1411 1062
1648722381.65 433 1 824 1006
1648722381.65 433 2 1412 1063
1648722381.7 434 1 824 1006
1648722381.7 434 2 1412 1063
1648722381.75 435 1 824 1005
1648722381.75 435 2 1413 1063
1648722381.8 436 1 824 1005
1648722381.8 436 2 1412 1063
1648722381.85 437 1 824 1004
1648722381.85 437 2 1412 1064
1648722381.9 438 1 824 1004
1648722381.9 438 2 1412 1063
1648722381.95 439 1 824 1004
1648722381.95 439 2 1411 1063
1648722382.0 440 1 824 1004
1648722382.0 440 2 1410 1063
1648722382.05 441 1 825 1003
1648722382.05 441 2 1409 1065
1648722382.1 442 1 825 1003
1648722382.1 442 2 1408 1066
1648722382.15 443 1 825 1002
1648722382.15 443 2 1408 1068
1648722382.2 444 1 825 1002
1648722382.2 444 2 1409 1067
1648722382.25 445 1 825 1001
1648722382.25 445 2 1410 1067
1648722382.3 446 1 834 1000
1648722382.3 446 2 1410 1067
1648722382.35 447 1 833 1000
1648722382.35 447 2 1411 1066
1648722382.4 448 1 839 999
1648722382.4 448 2 1411 1066
1648722382.45 449 1 845 998
1648722382.45 449 2 1411 1065
1648722382.5 450 1 849 998
1648722382.5 450 2 1412 1065
1648722382.55 451 1 853 997
1648722382.55 451 2 1412 1065
1648722382.6 452 1 847 996
1648722382.6 452 2 1412 1064
1648722382.65 453 1 850 995
1648722382.65 453 2 1412 1063
1648722382.7 454 1 851 994
1648722382.7 454 2 1412 1063
1648722382.75 455 1 853 993
1648722382.75 455 2 1410 1064
1648722382.8 456 1 846 993
1648722382.8 456 2 1409 1064
1648722382.85 457 1 839 993
1648722382.85 457 2 1409 1064
1648722382.9 458 1 834 992
1648722382.9 458 2 1408 1065
1648722382.95 459 1 830 992
1648722382.95 459 2 1407 1067
1648722383.0 460 1 835 992
1648722383.0 460 2 1407 1068
1648722383.05 461 1 840 993
1648722383.05 461 2 1407 1067
1648722383.1 462 1 844 994
1648722383.1 462 2 1407 1067
1648722383.15 463 1 848 994
1648722383.15 463 2 1408 1066
1648722383.2 464 1 851 995
1648722383.2 464 2 1408 1066
1648722383.25 465 1 853 996
1648722383.25 465 2 1409 1066
1648722383.3 466 1 846 996
1648722383.3 466 2 1409 1065
1648722383.35 467 1 848 997
1648722383.35 467 2 1409 1065
1648722383.4 468 1 850 998
1648722383.4 468 2 1409 1065
1648722383.45 469 1 843 998
1648722383.45 469 2 1409 1064
1648722383.5 470 1 846 999
1648722383.5 470 2 1409 1064
1648722383.55 471 1 848 999
1648722383.55 471 2 1410 1064
1648722383.6 472 1 850 999
1648722383.6 472 2 1410 1064
1648722383.65 473 1 851 999
1648722383.65 473 2 1409 1064
1648722383.7 474 1 853 999
1648722383.7 474 2 1409 1064
1648722383.75 475 1 854 999
1648722383.75 475 2 1408 1064
1648722383.8 476 1 854 999
1648722383.8 476 2 1408 1064
1648722383.85 477 1 855 999
1648722383.85 477 2 1408 1064
1648722383.9 478 1 855 999
1648722383.9 478 2 1408 1064
1648722383.95 479 1 855 999
1648722383.95 479 2 1408 1064
1648722384.0 480 1 855 1000
1648722384.0 480 2 1408 1064
1648722384.05 481 1 855 1001
1648722384.05 481 2 1407 1064
1648722384.1 482 1 855 1002
1648722384.1 482 2 1407 1063
1648722384.15 483 1 855 1003
1648722384.15 483 2 1406 1063
1648722384.2 484 1 846 1003
1648722384.2 484 2 1406 1063
1648722384.25 485 1 839 1004
1648722384.25 485 2 1406 1063
1648722384.3 486 1 841 1005
1648722384.3 486 2 1407 1063
1648722384.35 487 1 844 1006
1648722384.35 487 2 1407 1063
1648722384.4 488 1 847 1007
1648722384.4 488 2 1407 1063
1648722384.45 489 1 849 1008
1648722384.45 489 2 1407 1063
1648722384.5 490 1 850 1008
1648722384.5 490 2 1407 1063
1648722384.55 491 1 852 1008
1648722384.55 491 2 1407 1062
1648722384.6 492 1 853 1008
1648722384.6 492 2 1407 1062
1648722384.65 493 1 854 1008
1648722384.65 493 2 1407 1062
1648722384.7 494 1 854 1008
1648722384.7 494 2 1407 1061
1648722384.75 495 1 854 1008
1648722384.75 495 2 1407 1061
1648722384.8 496 1 854 1008
1648722384.8 496 2 1407 1061
1648722384.85 497 1 854 1008
1648722384.85 497 2 1407 1061
1648722384.9 498 1 854 1010
1648722384.9 498 2 1408 1061
1648722384.95 499 1 854 1010
1648722384.95 499 2 1408 1061
1648722385.0 500 1 854 1010
1648722385.0 500 2 1408 1061
1648722385.05 501 1 854 1010
1648722385.05 501 2 1408 1061
1648722385.1 502 1 854 1010
1648722385.1 502 2 1408 1062
1648722385.15 503 1 854 1010
1648722385.15 503 2 1408 1062
1648722385.2 504 1 853 1010
1648722385.2 504 2 1409 1062
1648722385.25 505 1 853 1008
1648722385.25 505 2 1409 1063
1648722385.3 506 1 854 1008
1648722385.3 506 2 1410 1064
1648722385.35 507 1 853 1008
1648722385.35 507 2 1410 1064
1648722385.4 508 1 854 1008
1648722385.4 508 2 1410 1064
1648722385.45 509 1 853 1007
1648722385.45 509 2 1410 1064
1648722385.5 510 1 854 1013
1648722385.5 510 2 1409 1065
1648722385.55 511 1 854 1019
1648722385.55 511 2 1409 1065
1648722385.6 512 1 853 1024
1648722385.6 512 2 1409 1065
1648722385.65 513 1 854 1028
1648722385.65 513 2 1409 1065
1648722385.7 514 1 854 1031
1648722385.7 514 2 1409 1065
1648722385.75 515 1 854 1034
1648722385.75 515 2 1409 1065
1648722385.8 516 1 854 1029
1648722385.8 516 2 1409 1065
1648722385.85 517 1 854 1031
1648722385.85 517 2 1408 1065
1648722385.9 518 1 854 1025
1648722385.9 518 2 1408 1065
1648722385.95 519 1 854 1020
1648722385.95 519 2 1408 1065
1648722386.0 520 1 854 1015
1648722386.0 520 2 1409 1065
1648722386.05 521 1 854 1019
1648722386.05 521 2 1408 1065
1648722386.1 522 1 854 1023
1648722386.1 522 2 1407 1065
1648722386.15 523 1 854 1026
1648722386.15 523 2 1407 1065
1648722386.2 524 1 853 1029
1648722386.2 524 2 1406 1066
1648722386.25 525 1 853 1032
1648722386.25 525 2 1406 1066
1648722386.3 526 1 853 1034
1648722386.3 526 2 1405 1066
1648722386.35 527 1 853 1036
1648722386.35 527 2 1406 1066
1648722386.4 528 1 853 1038
1648722386.4 528 2 1405 1065
1648722386.45 529 1 853 1039
1648722386.45 529 2 1406 1065
1648722386.5 530 1 853 1032
1648722386.5 530 2 1405 1065
1648722386.55 531 1 853 1026
1648722386.55 531 2 1406 1065
1648722386.6 532 1 854 1020
1648722386.6 532 2 1406 1065
1648722386.65 533 1 854 1015
1648722386.65 533 2 1406 1064
1648722386.7 534 1 853 1011
1648722386.7 534 2 1407 1064
1648722386.75 535 1 854 1008
1648722386.75 535 2 1407 1064
1648722386.8 536 1 854 1005
1648722386.8 536 2 1408 1064
1648722386.85 537 1 854 1003
1648722386.85 537 2 1408 1064
1648722386.9 538 1 854 1001
1648722386.9 538 2 1407 1065
1648722386.95 539 1 854 1000
1648722386.95 539 2 1407 1065
1648722387.0 540 1 854 999
1648722387.0 540 2 1406 1065
1648722387.05 541 1 855 1006
1648722387.05 541 2 1406 1065
1648722387.1 542 1 855 1005
1648722387.1 542 2 1406 1065
1648722387.15 543 1 855 1004
1648722387.15 543 2 1407 1065
1648722387.2 544 1 855 1003
1648722387.2 544 2 1407 1065
1648722387.25 545 1 855 1002
1648722387.25 545 2 1407 1065
1648722387.3 546 1 855 1001
1648722387.3 546 2 1406 1065
1648722387.35 547 1 855 1001
1648722387.35 547 2 1404 1065
1648722387.4 548 1 855 1000
1648722387.4 548 2 1405 1066
1648722387.45 549 1 855 999
1648722387.45 549 2 1406 1066
1648722387.5 550 1 855 998
1648722387.5 550 2 1406 1066
1648722387.55 551 1 855 997
1648722387.55 551 2 1406 1066
1648722387.6 552 1 855 997
1648722387.6 552 2 1406 1066
1648722387.65 553 1 854 996
1648722387.65 553 2 1405 1065
1648722387.7 554 1 854 995
1648722387.7 554 2 1405 1065
1648722387.75 555 1 854 994
1648722387.75 555 2 1406 1065
1648722387.8 556 1 855 994
1648722387.8 556 2 1406 1065
1648722387.85 557 1 854 993
1648722387.85 557 2 1407 1064
1648722387.9 558 1 855 993
1648722387.9 558 2 1408 1063
1648722387.95 559 1 855 992
1648722387.95 559 2 1410 1063
1648722388.0 560 1 855 991
1648722388.0 560 2 1414 1065
1648722388.05 561 1 854 999
1648722388.05 561 2 1417 1066
1648722388.1 562 1 854 1006
1648722388.1 562 2 1418 1068
1648722388.15 563 1 854 1012
1648722388.15 563 2 1419 1069
1648722388.2 564 1 854 1017
1648722388.2 564 2 1420 1070
1648722388.25 565 1 854 1021
1648722388.25 565 2 1421 1071
1648722388.3 566 1 854 1024
1648722388.3 566 2 1422 1072
1648722388.35 567 1 853 1027
1648722388.35 567 2 1422 1074
1648722388.4 568 1 853 1029
1648722388.4 568 2 1421 1075
1648722388.45 569 1 853 1030
1648722388.45 569 2 1420 1076
1648722388.5 570 1 854 1031
1648722388.5 570 2 1420 1077
1648722388.55 571 1 854 1032
1648722388.55 571 2 1420 1078
1648722388.6 572 1 854 1032
1648722388.6 572 2 1419 1078
1648722388.65 573 1 854 1032
1648722388.65 573 2 1419 1079
1648722388.7 574 1 854 1032
1648722388.7 574 2 1419 1079
1648722388.75 575 1 854 1032
1648722388.75 575 2 1418 1080
1648722388.8 576 1 854 1032
1648722388.8 576 2 1417 1081
1648722388.85 577 1 853 1031
1648722388.85 577 2 1417 1081
1648722388.9 578 1 853 1031
1648722388.9 578 2 1417 1081
1648722388.95 579 1 854 1031
1648722388.95 579 2 1418 1081
1648722389.0 580 1 853 1031
1648722389.0 580 2 1418 1081
1648722389.05 581 1 854 1023
1648722389.05 581 2 1418 1080
1648722389.1 582 1 854 1016
1648722389.1 582 2 1418 1078
1648722389.15 583 1 854 1010
1648722389.15 583 2 1417 1077
1648722389.2 584 1 855 1005
1648722389.2 584 2 1415 1077
1648722389.25 585 1 855 1001
1648722389.25 585 2 1413 1076
1648722389.3 586 1 855 997
1648722389.3 586 2 1414 1075
1648722389.35 587 1 855 995
1648722389.35 587 2 1415 1074
1648722389.4 588 1 855 993
1648722389.4 588 2 1415 1073
1648722389.45 589 1 855 992
1648722389.45 589 2 1414 1072
1648722389.5 590 1 855 990
1648722389.5 590 2 1411 1072
1648722389.55 591 1 855 990
1648722389.55 591 2 1409 1072
1648722389.6 592 1 855 989
1648722389.6 592 2 1407 1071
1648722389.65 593 1 856 989
1648722389.65 593 2 1406 1070
1648722389.7 594 1 855 989
1648722389.7 594 2 1405 1070
1648722389.75 595 1 855 989
1648722389.75 595 2 1405 1069
1648722389.8 596 1 855 988
1648722389.8 596 2 1404 1068
1648722389.85 597 1 855 996
1648722389.85 597 2 1404 1066
1648722389.9 598 1 855 1004
1648722389.9 598 2 1404 1065
1648722389.95 599 1 855 1010
1648722389.95 599 2 1405 1065
1648722390.0 600 1 854 1007
1648722390.0 600 2 1405 1064
1648722390.05 601 1 855 1013
1648722390.05 601 2 1405 1064
1648722390.1 602 1 854 1019
1648722390.1 602 2 1405 1065
1648722390.15 603 1 854 1024
1648722390.15 603 2 1406 1065
1648722390.2 604 1 854 1028
1648722390.2 604 2 1406 1065
1648722390.25 605 1 854 1031
1648722390.25 605 2 1406 1066
1648722390.3 606 1 854 1034
1648722390.3 606 2 1406 1066
1648722390.35 607 1 854 1036
1648722390.35 607 2 1406 1066
1648722390.4 608 1 854 1037
1648722390.4 608 2 1406 1067
1648722390.45 609 1 854 1038
1648722390.45 609 2 1406 1067
1648722390.5 610 1 854 1039
1648722390.5 610 2 1406 1068
1648722390.55 611 1 854 1040
1648722390.55 611 2 1406 1068
1648722390.6 612 1 854 1040
1648722390.6 612 2 1406 1068
1648722390.65 613 1 854 1041
1648722390.65 613 2 1405 1069
1648722390.7 614 1 854 1041
1648722390.7 614 2 1406 1069
1648722390.75 615 1 855 1041
1648722390.75 615 2 1406 1069
1648722390.8 616 1 854 1041
1648722390.8 616 2 1406 1069
1648722390.85 617 1 854 1041
1648722390.85 617 2 1406 1070
1648722390.9 618 1 854 1041
1648722390.9 618 2 1406 1070
1648722390.95 619 1 854 1041
1648722390.95 619 2 1406 1070
1648722391.0 620 1 854 1041
1648722391.0 620 2 1406 1070
1648722391.05 621 1 854 1041
1648722391.05 621 2 1408 1069
1648722391.1 622 1 854 1040
1648722391.1 622 2 1410 1067
1648722391.15 623 1 854 1040
1648722391.15 623 2 1410 1068
1648722391.2 624 1 854 1040
1648722391.2 624 2 1410 1068
1648722391.25 625 1 854 1039
1648722391.25 625 2 1410 1069
1648722391.3 626 1 854 1039
1648722391.3 626 2 1409 1069
1648722391.35 627 1 854 1038
1648722391.35 627 2 1409 1069
1648722391.4 628 1 854 1038
1648722391.4 628 2 1409 1070
1648722391.45 629 1 854 1037
1648722391.45 629 2 1408 1070
1648722391.5 630 1 854 1037
1648722391.5 630 2 1408 1071
1648722391.55 631 1 853 1037
1648722391.55 631 2 1408 1071
1648722391.6 632 1 853 1036
1648722391.6 632 2 1408 1072
1648722391.65 633 1 854 1036
1648722391.65 633 2 1407 1072
1648722391.7 634 1 854 1036
1648722391.7 634 2 1408 1072
1648722391.75 635 1 854 1035
1648722391.75 635 2 1408 1072
1648722391.8 636 1 854 1035
1648722391.8 636 2 1408 1072
1648722391.85 637 1 854 1035
1648722391.85 637 2 1408 1073
1648722391.9 638 1 854 1035
1648722391.9 638 2 1408 1073
1648722391.95 639 1 854 1034
1648722391.95 639 2 1408 1073
1648722392.0 640 1 854 1034
1648722392.0 640 2 1408 1073
1648722392.05 641 1 854 1034
1648722392.05 641 2 1407 1074
1648722392.1 642 1 853 1033
1648722392.1 642 2 1406 1074
1648722392.15 643 1 853 1033
1648722392.15 643 2 1405 1074
1648722392.2 644 1 854 1033
1648722392.2 644 2 1405 1074
1648722392.25 645 1 853 1032
1648722392.25 645 2 1404 1074
1648722392.3 646 1 853 1032
1648722392.3 646 2 1404 1074
1648722392.35 647 1 853 1032
1648722392.35 647 2 1404 1075
1648722392.4 648 1 853 1032
1648722392.4 648 2 1404 1075
1648722392.45 649 1 853 1032
1648722392.45 649 2 1404 1075
1648722392.5 650 1 853 1032
1648722392.5 650 2 1404 1075
1648722392.55 651 1 853 1032
1648722392.55 651 2 1404 1075
1648722392.6 652 1 853 1032
1648722392.6 652 2 1405 1075
1648722392.65 653 1 854 1032
1648722392.65 653 2 1405 1075
1648722392.7 654 1 854 1032
1648722392.7 654 2 1405 1075
1648722392.75 655 1 854 1032
1648722392.75 655 2 1405 1075
1648722392.8 656 1 854 1032
1648722392.8 656 2 1405 1074
1648722392.85 657 1 854 1031
1648722392.85 657 2 1407 1073
1648722392.9 658 1 854 1031
1648722392.9 658 2 1407 1073
1648722392.95 659 1 854 1031
1648722392.95 659 2 1408 1071
1648722393.0 660 1 854 1031
1648722393.0 660 2 1407 1072
1648722393.05 661 1 854 1031
1648722393.05 661 2 1407 1072
1648722393.1 662 1 854 1031
1648722393.1 662 2 1407 1072
1648722393.15 663 1 854 1031
1648722393.15 663 2 1407 1072
1648722393.2 664 1 854 1032
1648722393.2 664 2 1407 1073
1648722393.25 665 1 854 1032
1648722393.25 665 2 1407 1073
1648722393.3 666 1 855 1032
1648722393.3 666 2 1408 1073
1648722393.35 667 1 854 1032
1648722393.35 667 2 1408 1073
1648722393.4 668 1 855 1032
1648722393.4 668 2 1410 1073
1648722393.45 669 1 855 1032
1648722393.45 669 2 1411 1072
1648722393.5 670 1 855 1032
1648722393.5 670 2 1410 1073
1648722393.55 671 1 855 1032
1648722393.55 671 2 1411 1073
1648722393.6 672 1 855 1032
1648722393.6 672 2 1410 1073
1648722393.65 673 1 854 1032
1648722393.65 673 2 1410 1074
1648722393.7 674 1 854 1032
1648722393.7 674 2 1410 1075
1648722393.75 675 1 854 1033
1648722393.75 675 2 1409 1075
1648722393.8 676 1 854 1033
1648722393.8 676 2 1410 1075
1648722393.85 677 1 854 1033
1648722393.85 677 2 1412 1075
1648722393.9 678 1 854 1033
1648722393.9 678 2 1413 1075
1648722393.95 679 1 854 1033
1648722393.95 679 2 1413 1074
1648722394.0 680 1 854 1033
1648722394.0 680 2 1413 1074
1648722394.05 681 1 854 1034
1648722394.05 681 2 1411 1075
1648722394.1 682 1 854 1034
1648722394.1 682 2 1409 1075
1648722394.15 683 1 854 1034
1648722394.15 683 2 1407 1076
1648722394.2 684 1 854 1034
1648722394.2 684 2 1406 1076
1648722394.25 685 1 854 1035
1648722394.25 685 2 1405 1076
1648722394.3 686 1 854 1035
1648722394.3 686 2 1404 1076
1648722394.35 687 1 853 1035
1648722394.35 687 2 1404 1076
1648722394.4 688 1 854 1035
1648722394.4 688 2 1404 1076
1648722394.45 689 1 854 1035
1648722394.45 689 2 1403 1076
1648722394.5 690 1 854 1036
1648722394.5 690 2 1404 1076
1648722394.55 691 1 854 1037
1648722394.55 691 2 1405 1075
1648722394.6 692 1 854 1029
1648722394.6 692 2 1407 1074
1648722394.65 693 1 854 1023
1648722394.65 693 2 1409 1073
1648722394.7 694 1 854 1017
1648722394.7 694 2 1408 1072
1648722394.75 695 1 854 1012
1648722394.75 695 2 1407 1072
1648722394.8 696 1 854 1008
1648722394.8 696 2 1406 1072
1648722394.85 697 1 854 1005
1648722394.85 697 2 1405 1071
1648722394.9 698 1 855 1003
1648722394.9 698 2 1405 1071
1648722394.95 699 1 854 1002
1648722394.95 699 2 1404 1071
1648722395.0 700 1 854 1001
1648722395.0 700 2 1404 1071
1648722395.05 701 1 854 1001
1648722395.05 701 2 1405 1071
1648722395.1 702 1 855 1001
1648722395.1 702 2 1406 1072
1648722395.15 703 1 855 1002
1648722395.15 703 2 1407 1072
1648722395.2 704 1 855 1002
1648722395.2 704 2 1408 1073
1648722395.25 705 1 855 1002
1648722395.25 705 2 1409 1073
1648722395.3 706 1 856 1002
1648722395.3 706 2 1409 1074
1648722395.35 707 1 856 1002
1648722395.35 707 2 1409 1074
1648722395.4 708 1 855 1002
1648722395.4 708 2 1409 1074
1648722395.45 709 1 855 1002
1648722395.45 709 2 1409 1075
1648722395.5 710 1 855 1002
1648722395.5 710 2 1409 1075
1648722395.55 711 1 854 1003
1648722395.55 711 2 1409 1075
1648722395.6 712 1 854 1003
1648722395.6 712 2 1408 1075
1648722395.65 713 1 854 1002
1648722395.65 713 2 1410 1074
1648722395.7 714 1 854 1002
1648722395.7 714 2 1409 1074
1648722395.75 715 1 854 1001
1648722395.75 715 2 1409 1074
1648722395.8 716 1 854 1001
1648722395.8 716 2 1410 1073
1648722395.85 717 1 854 1000
1648722395.85 717 2 1410 1072
1648722395.9 718 1 854 999
1648722395.9 718 2 1409 1072
1648722395.95 719 1 855 999
1648722395.95 719 2 1408 1072
1648722396.0 720 1 855 998
1648722396.0 720 2 1409 1071
1648722396.05 721 1 855 997
1648722396.05 721 2 1409 1072
1648722396.1 722 1 855 997
1648722396.1 722 2 1410 1071
1648722396.15 723 1 855 996
1648722396.15 723 2 1410 1072
1648722396.2 724 1 856 996
1648722396.2 724 2 1410 1072
1648722396.25 725 1 855 996
1648722396.25 725 2 1410 1072
1648722396.3 726 1 855 995
1648722396.3 726 2 1409 1073
1648722396.35 727 1 855 995
1648722396.35 727 2 1409 1073
1648722396.4 728 1 855 994
1648722396.4 728 2 1409 1073
1648722396.45 729 1 855 994
1648722396.45 729 2 1409 1074
1648722396.5 730 1 855 993
1648722396.5 730 2 1409 1074
1648722396.55 731 1 855 993
1648722396.55 731 2 1410 1074
1648722396.6 732 1 855 993
1648722396.6 732 2 1410 1074
1648722396.65 733 1 855 993
1648722396.65 733 2 1410 1074
1648722396.7 734 1 854 993
1648722396.7 734 2 1410 1074
1648722396.75 735 1 854 993
1648722396.75 735 2 1410 1074
1648722396.8 736 1 854 992
1648722396.8 736 2 1410 1074
1648722396.85 737 1 854 992
1648722396.85 737 2 1410 1075
1648722396.9 738 1 854 992
1648722396.9 738 2 1410 1075
1648722396.95 739 1 854 992
1648722396.95 739 2 1410 1075
1648722397.0 740 1 854 992
1648722397.0 740 2 1409 1075
1648722397.05 741 1 847 996
1648722397.05 741 2 1410 1074
1648722397.1 742 1 840 999
1648722397.1 742 2 1411 1074
1648722397.15 743 1 836 1002
1648722397.15 743 2 1412 1074
1648722397.2 744 1 839 1001
1648722397.2 744 2 1413 1073
1648722397.25 745 1 843 1001
1648722397.25 745 2 1413 1073
1648722397.3 746 1 846 1001
1648722397.3 746 2 1413 1072
1648722397.35 747 1 849 1000
1648722397.35 747 2 1413 1072
1648722397.4 748 1 851 1000
1648722397.4 748 2 1413 1072
1648722397.45 749 1 853 999
1648722397.45 749 2 1413 1072
1648722397.5 750 1 854 998
1648722397.5 750 2 1413 1071
1648722397.55 751 1 855 997
1648722397.55 751 2 1412 1071
1648722397.6 752 1 856 996
1648722397.6 752 2 1412 1071
1648722397.65 753 1 856 996
1648722397.65 753 2 1412 1070
1648722397.7 754 1 856 995
1648722397.7 754 2 1412 1070
1648722397.75 755 1 856 994
1648722397.75 755 2 1412 1070
1648722397.8 756 1 856 994
1648722397.8 756 2 1412 1070
1648722397.85 757 1 856 994
1648722397.85 757 2 1412 1069
1648722397.9 758 1 855 994
1648722397.9 758 2 1412 1069
1648722397.95 759 1 855 993
1648722397.95 759 2 1412 1069
1648722398.0 760 1 855 993
1648722398.0 760 2 1412 1069
1648722398.05 761 1 855 993
1648722398.05 761 2 1411 1070
1648722398.1 762 1 855 993
1648722398.1 762 2 1409 1071
1648722398.15 763 1 855 993
1648722398.15 763 2 1408 1072
1648722398.2 764 1 855 993
1648722398.2 764 2 1407 1072
1648722398.25 765 1 855 993
1648722398.25 765 2 1407 1072
1648722398.3 766 1 855 993
1648722398.3 766 2 1407 1073
1648722398.35 767 1 855 993
1648722398.35 767 2 1407 1073
1648722398.4 768 1 855 1003
1648722398.4 768 2 1407 1073
1648722398.45 769 1 855 1011
1648722398.45 769 2 1407 1073
1648722398.5 770 1 854 1008
1648722398.5 770 2 1407 1073
1648722398.55 771 1 854 1007
1648722398.55 771 2 1407 1073
1648722398.6 772 1 855 1006
1648722398.6 772 2 1407 1073
1648722398.65 773 1 855 1004
1648722398.65 773 2 1407 1072
1648722398.7 774 1 854 1002
1648722398.7 774 2 1406 1072
1648722398.75 775 1 855 1001
1648722398.75 775 2 1407 1072
1648722398.8 776 1 855 1000
1648722398.8 776 2 1407 1072
1648722398.85 777 1 855 999
1648722398.85 777 2 1407 1073
1648722398.9 778 1 855 998
1648722398.9 778 2 1407 1073
1648722398.95 779 1 855 997
1648722398.95 779 2 1406 1073
1648722399.0 780 1 855 997
1648722399.0 780 2 1406 1073
1648722399.05 781 1 846 1007
1648722399.05 781 2 1407 1072
1648722399.1 782 1 839 1016
1648722399.1 782 2 1408 1071
1648722399.15 783 1 833 1025
1648722399.15 783 2 1410 1071
1648722399.2 784 1 829 1032
1648722399.2 784 2 1410 1070
1648722399.25 785 1 826 1032
1648722399.25 785 2 1411 1070
1648722399.3 786 1 833 1028
1648722399.3 786 2 1411 1069
1648722399.35 787 1 831 1027
1648722399.35 787 2 1412 1069
1648722399.4 788 1 829 1026
1648722399.4 788 2 1411 1069
1648722399.45 789 1 828 1025
1648722399.45 789 2 1412 1069
1648722399.5 790 1 835 1023
1648722399.5 790 2 1411 1069
1648722399.55 791 1 841 1022
1648722399.55 791 2 1409 1070
1648722399.6 792 1 839 1025
1648722399.6 792 2 1407 1071
1648722399.65 793 1 837 1027
1648722399.65 793 2 1406 1072
1648722399.7 794 1 834 1029
1648722399.7 794 2 1405 1072
1648722399.75 795 1 841 1030
1648722399.75 795 2 1404 1073
1648722399.8 796 1 846 1029
1648722399.8 796 2 1403 1073
1648722399.85 797 1 850 1030
1648722399.85 797 2 1403 1074
1648722399.9 798 1 853 1029
1648722399.9 798 2 1403 1074
1648722399.95 799 1 856 1029
1648722399.95 799 2 1403 1074
1648722400.0 800 1 857 1028
1648722400.0 800 2 1404 1075
1648722400.05 801 1 857 1028
1648722400.05 801 2 1405 1074
1648722400.1 802 1 857 1027
1648722400.1 802 2 1406 1074
1648722400.15 803 1 857 1027
1648722400.15 803 2 1406 1074
1648722400.2 804 1 857 1026
1648722400.2 804 2 1406 1075
1648722400.25 805 1 857 1026
1648722400.25 805 2 1405 1075
1648722400.3 806 1 856 1025
1648722400.3 806 2 1405 1076
1648722400.35 807 1 855 1025
1648722400.35 807 2 1406 1076
1648722400.4 808 1 855 1025
1648722400.4 808 2 1405 1077
1648722400.45 809 1 854 1020
1648722400.45 809 2 1405 1077
1648722400.5 810 1 855 1015
1648722400.5 810 2 1404 1077
1648722400.55 811 1 855 1011
1648722400.55 811 2 1404 1078
1648722400.6 812 1 855 1008
1648722400.6 812 2 1406 1078
1648722400.65 813 1 854 1004
1648722400.65 813 2 1407 1078
1648722400.7 814 1 854 1001
1648722400.7 814 2 1408 1077
1648722400.75 815 1 853 998
1648722400.75 815 2 1409 1077
1648722400.8 816 1 853 996
1648722400.8 816 2 1409 1077
1648722400.85 817 1 853 995
1648722400.85 817 2 1409 1076
1648722400.9 818 1 852 993
1648722400.9 818 2 1410 1076
1648722400.95 819 1 853 990
1648722400.95 819 2 1408 1076
1648722401.0 820 1 854 988
1648722401.0 820 2 1407 1077
1648722401.05 821 1 854 987
1648722401.05 821 2 1408 1077
1648722401.1 822 1 853 987
1648722401.1 822 2 1409 1077
1648722401.15 823 1 854 986
1648722401.15 823 2 1409 1077
1648722401.2 824 1 853 986
1648722401.2 824 2 1410 1077
1648722401.25 825 1 846 994
1648722401.25 825 2 1408 1077
1648722401.3 826 1 840 1000
1648722401.3 826 2 1407 1078
1648722401.35 827 1 836 1005
1648722401.35 827 2 1408 1077
1648722401.4 828 1 839 1005
1648722401.4 828 2 1409 1077
1648722401.45 829 1 842 1004
1648722401.45 829 2 1409 1076
1648722401.5 830 1 845 1003
1648722401.5 830 2 1408 1076
1648722401.55 831 1 841 1008
1648722401.55 831 2 1406 1077
1648722401.6 832 1 844 1008
1648722401.6 832 2 1405 1077
1648722401.65 833 1 841 1013
1648722401.65 833 2 1407 1076
1648722401.7 834 1 844 1013
1648722401.7 834 2 1407 1076
1648722401.75 835 1 847 1011
1648722401.75 835 2 1406 1076
1648722401.8 836 1 850 1008
1648722401.8 836 2 1406 1076
1648722401.85 837 1 852 1007
1648722401.85 837 2 1405 1076
1648722401.9 838 1 854 1005
1648722401.9 838 2 1404 1076
1648722401.95 839 1 855 1003
1648722401.95 839 2 1404 1077
1648722402.0 840 1 856 1002
1648722402.0 840 2 1403 1077
1648722402.05 841 1 856 1000
1648722402.05 841 2 1404 1077
1648722402.1 842 1 857 999
1648722402.1 842 2 1404 1077
1648722402.15 843 1 857 998
1648722402.15 843 2 1404 1077
1648722402.2 844 1 857 997
1648722402.2 844 2 1404 1077
1648722402.25 845 1 857 996
1648722402.25 845 2 1405 1077
1648722402.3 846 1 857 995
1648722402.3 846 2 1405 1077
1648722402.35 847 1 857 995
1648722402.35 847 2 1405 1077
1648722402.4 848 1 857 994
1648722402.4 848 2 1406 1077
1648722402.45 849 1 856 994
1648722402.45 849 2 1406 1077
1648722402.5 850 1 856 1000
1648722402.5 850 2 1406 1077
1648722402.55 851 1 856 1006
1648722402.55 851 2 1406 1077
1648722402.6 852 1 855 1010
1648722402.6 852 2 1406 1078
1648722402.65 853 1 855 1014
1648722402.65 853 2 1406 1078
1648722402.7 854 1 855 1012
1648722402.7 854 2 1406 1078
1648722402.75 855 1 855 1008
1648722402.75 855 2 1406 1078
1648722402.8 856 1 855 1007
1648722402.8 856 2 1406 1078
1648722402.85 857 1 855 1004
1648722402.85 857 2 1407 1078
1648722402.9 858 1 855 1008
1648722402.9 858 2 1407 1078
1648722402.95 859 1 855 1011
1648722402.95 859 2 1407 1078
1648722403.0 860 1 855 1007
1648722403.0 860 2 1407 1078
1648722403.05 861 1 855 1004
1648722403.05 861 2 1406 1078
1648722403.1 862 1 856 1000
1648722403.1 862 2 1406 1078
1648722403.15 863 1 857 998
1648722403.15 863 2 1406 1078
1648722403.2 864 1 857 995
1648722403.2 864 2 1405 1077
1648722403.25 865 1 857 993
1648722403.25 865 2 1405 1077
1648722403.3 866 1 857 991
1648722403.3 866 2 1404 1076
1648722403.35 867 1 857 990
1648722403.35 867 2 1404 1075
1648722403.4 868 1 856 989
1648722403.4 868 2 1403 1075
1648722403.45 869 1 856 989
1648722403.45 869 2 1403 1074
1648722403.5 870 1 856 988
1648722403.5 870 2 1403 1073
1648722403.55 871 1 856 987
1648722403.55 871 2 1403 1073
1648722403.6 872 1 848 994
1648722403.6 872 2 1403 1073
1648722403.65 873 1 841 1001
1648722403.65 873 2 1403 1072
1648722403.7 874 1 836 1006
1648722403.7 874 2 1403 1072
1648722403.75 875 1 831 1012
1648722403.75 875 2 1403 1071
1648722403.8 876 1 827 1016
1648722403.8 876 2 1403 1071
1648722403.85 877 1 824 1021
1648722403.85 877 2 1403 1070
1648722403.9 878 1 823 1025
1648722403.9 878 2 1403 1070
1648722403.95 879 1 822 1027
1648722403.95 879 2 1403 1069
1648722404.0 880 1 823 1029
1648722404.0 880 2 1404 1069
1648722404.05 881 1 824 1031
1648722404.05 881 2 1404 1070
1648722404.1 882 1 824 1027
1648722404.1 882 2 1404 1071
1648722404.15 883 1 833 1027
1648722404.15 883 2 1404 1072
1648722404.2 884 1 833 1036
1648722404.2 884 2 1406 1072
1648722404.25 885 1 832 1038
1648722404.25 885 2 1405 1073
1648722404.3 886 1 831 1039
1648722404.3 886 2 1406 1072
1648722404.35 887 1 829 1040
1648722404.35 887 2 1407 1072
1648722404.4 888 1 828 1039
1648722404.4 888 2 1408 1072
1648722404.45 889 1 827 1038
1648722404.45 889 2 1408 1072
1648722404.5 890 1 826 1036
1648722404.5 890 2 1409 1072
1648722404.55 891 1 825 1035
1648722404.55 891 2 1410 1072
1648722404.6 892 1 824 1033
1648722404.6 892 2 1410 1072
1648722404.65 893 1 824 1031
1648722404.65 893 2 1410 1072
1648722404.7 894 1 823 1030
1648722404.7 894 2 1410 1072
1648722404.75 895 1 823 1029
1648722404.75 895 2 1409 1072
1648722404.8 896 1 822 1028
1648722404.8 896 2 1409 1072
1648722404.85 897 1 821 1028
1648722404.85 897 2 1408 1073
1648722404.9 898 1 821 1028
1648722404.9 898 2 1408 1074
1648722404.95 899 1 820 1027
1648722404.95 899 2 1408 1074
1648722405.0 900 1 820 1027
1648722405.0 900 2 1406 1075
1648722405.05 901 1 819 1037
1648722405.05 901 2 1404 1076
1648722405.1 902 1 817 1045
1648722405.1 902 2 1403 1078
1648722405.15 903 1 816 1053
1648722405.15 903 2 1402 1079
1648722405.2 904 1 816 1059
1648722405.2 904 2 1402 1080
1648722405.25 905 1 816 1065
1648722405.25 905 2 1402 1081
1648722405.3 906 1 817 1069
1648722405.3 906 2 1402 1081
1648722405.35 907 1 817 1073
1648722405.35 907 2 1402 1081
1648722405.4 908 1 818 1076
1648722405.4 908 2 1402 1081
1648722405.45 909 1 818 1079
1648722405.45 909 2 1402 1081
1648722405.5 910 1 818 1080
1648722405.5 910 2 1403 1081
1648722405.55 911 1 817 1081
1648722405.55 911 2 1403 1083
1648722405.6 912 1 817 1081
1648722405.6 912 2 1403 1083
1648722405.65 913 1 817 1083
1648722405.65 913 2 1403 1083
1648722405.7 914 1 816 1083
1648722405.7 914 2 1403 1083
1648722405.75 915 1 817 1084
1648722405.75 915 2 1403 1083
1648722405.8 916 1 817 1084
1648722405.8 916 2 1403 1083
1648722405.85 917 1 817 1085
1648722405.85 917 2 1403 1083
1648722405.9 918 1 817 1085
1648722405.9 918 2 1402 1081
1648722405.95 919 1 817 1085
1648722405.95 919 2 1402 1081
1648722406.0 920 1 818 1085
1648722406.0 920 2 1402 1081
1648722406.05 921 1 820 1076
1648722406.05 921 2 1403 1081
1648722406.1 922 1 821 1067
1648722406.1 922 2 1403 1083
1648722406.15 923 1 823 1058
1648722406.15 923 2 1403 1083
1648722406.2 924 1 824 1051
1648722406.2 924 2 1404 1083
1648722406.25 925 1 824 1045
1648722406.25 925 2 1403 1083
1648722406.3 926 1 824 1040
1648722406.3 926 2 1403 1083
1648722406.35 927 1 824 1036
1648722406.35 927 2 1403 1083
1648722406.4 928 1 824 1032
1648722406.4 928 2 1402 1083
1648722406.45 929 1 824 1029
1648722406.45 929 2 1402 1081
1648722406.5 930 1 824 1027
1648722406.5 930 2 1403 1081
1648722406.55 931 1 824 1025
1648722406.55 931 2 1403 1081
1648722406.6 932 1 824 1023
1648722406.6 932 2 1402 1081
1648722406.65 933 1 824 1022
1648722406.65 933 2 1402 1081
1648722406.7 934 1 823 1020
1648722406.7 934 2 1403 1081
1648722406.75 935 1 824 1019
1648722406.75 935 2 1403 1081
1648722406.8 936 1 824 1018
1648722406.8 936 2 1402 1081
1648722406.85 937 1 824 1018
1648722406.85 937 2 1402 1081
1648722406.9 938 1 824 1017
1648722406.9 938 2 1402 1081
1648722406.95 939 1 824 1016
1648722406.95 939 2 1402 1081
1648722407.0 940 1 824 1016
1648722407.0 940 2 1402 1081
1648722407.05 941 1 824 1026
1648722407.05 941 2 1403 1080
1648722407.1 942 1 824 1034
1648722407.1 942 2 1403 1080
1648722407.15 943 1 823 1042
1648722407.15 943 2 1403 1080
1648722407.2 944 1 823 1049
1648722407.2 944 2 1404 1080
1648722407.25 945 1 823 1054
1648722407.25 945 2 1404 1080
1648722407.3 946 1 823 1059
1648722407.3 946 2 1404 1080
1648722407.35 947 1 822 1063
1648722407.35 947 2 1404 1080
1648722407.4 948 1 823 1057
1648722407.4 948 2 1404 1079
1648722407.45 949 1 824 1051
1648722407.45 949 2 1404 1079
1648722407.5 950 1 823 1055
1648722407.5 950 2 1404 1080
1648722407.55 951 1 824 1049
1648722407.55 951 2 1404 1080
1648722407.6 952 1 824 1038
1648722407.6 952 2 1404 1080
1648722407.65 953 1 823 1043
1648722407.65 953 2 1404 1081
1648722407.7 954 1 822 1048
1648722407.7 954 2 1404 1081
1648722407.75 955 1 823 1043
1648722407.75 955 2 1404 1081
1648722407.8 956 1 824 1039
1648722407.8 956 2 1404 1081
1648722407.85 957 1 824 1035
1648722407.85 957 2 1404 1081
1648722407.9 958 1 824 1040
1648722407.9 958 2 1404 1081
1648722407.95 959 1 824 1037
1648722407.95 959 2 1404 1081
1648722408.0 960 1 824 1043
1648722408.0 960 2 1404 1081
1648722408.05 961 1 824 1048
1648722408.05 961 2 1404 1081
1648722408.1 962 1 823 1053
1648722408.1 962 2 1403 1081
1648722408.15 963 1 822 1057
1648722408.15 963 2 1403 1081
1648722408.2 964 1 822 1061
1648722408.2 964 2 1403 1081
1648722408.25 965 1 822 1064
1648722408.25 965 2 1403 1081
1648722408.3 966 1 821 1066
1648722408.3 966 2 1403 1081
1648722408.35 967 1 822 1068
1648722408.35 967 2 1403 1081
1648722408.4 968 1 822 1069
1648722408.4 968 2 1403 1081
1648722408.45 969 1 822 1070
1648722408.45 969 2 1403 1081
1648722408.5 970 1 822 1071
1648722408.5 970 2 1403 1080
1648722408.55 971 1 822 1071
1648722408.55 971 2 1403 1080
1648722408.6 972 1 822 1071
1648722408.6 972 2 1402 1080
1648722408.65 973 1 822 1071
1648722408.65 973 2 1402 1079
1648722408.7 974 1 822 1072
1648722408.7 974 2 1402 1079
1648722408.75 975 1 822 1071
1648722408.75 975 2 1402 1078
1648722408.8 976 1 821 1071
1648722408.8 976 2 1402 1078
1648722408.85 977 1 821 1070
1648722408.85 977 2 1402 1078
1648722408.9 978 1 821 1070
1648722408.9 978 2 1402 1078
1648722408.95 979 1 821 1069
1648722408.95 979 2 1402 1078
1648722409.0 980 1 821 1069
1648722409.0 980 2 1402 1078
1648722409.05 981 1 821 1053
1648722409.05 981 2 1402 1078
1648722409.1 982 1 822 1039
1648722409.1 982 2 1403 1079
1648722409.15 983 1 823 1026
1648722409.15 983 2 1403 1079
1648722409.2 984 1 823 1015
1648722409.2 984 2 1403 1080
1648722409.25 985 1 822 1021
1648722409.25 985 2 1403 1080
1648722409.3 986 1 823 1018
1648722409.3 986 2 1403 1080
1648722409.35 987 1 823 1010
1648722409.35 987 2 1403 1081
1648722409.4 988 1 824 1008
1648722409.4 988 2 1403 1081
1648722409.45 989 1 823 1017
1648722409.45 989 2 1403 1081
1648722409.5 990 1 822 1026
1648722409.5 990 2 1403 1081
1648722409.55 991 1 821 1033
1648722409.55 991 2 1403 1081
1648722409.6 992 1 820 1040
1648722409.6 992 2 1404 1081
1648722409.65 993 1 820 1046
1648722409.65 993 2 1404 1081
1648722409.7 994 1 819 1051
1648722409.7 994 2 1404 1083
1648722409.75 995 1 819 1055
1648722409.75 995 2 1404 1083
1648722409.8 996 1 818 1059
1648722409.8 996 2 1404 1083
1648722409.85 997 1 818 1062
1648722409.85 997 2 1404 1083
1648722409.9 998 1 818 1064
1648722409.9 998 2 1404 1083
1648722409.95 999 1 818 1066
1648722409.95 999 2 1404 1083
1648722410.0 1000 1 818 1068
1648722410.0 1000 2 1404 1083
1648722410.05 1001 1 820 1069
1648722410.05 1001 2 1404 1083
1648722410.1 1002 1 821 1071
1648722410.1 1002 2 1402 1081
1648722410.15 1003 1 822 1072
1648722410.15 1003 2 1402 1081
1648722410.2 1004 1 822 1072
1648722410.2 1004 2 1401 1081
1648722410.25 1005 1 823 1073
1648722410.25 1005 2 1401 1081
1648722410.3 1006 1 824 1074
1648722410.3 1006 2 1401 1081
1648722410.35 1007 1 824 1074
1648722410.35 1007 2 1401 1081
1648722410.4 1008 1 824 1064
1648722410.4 1008 2 1401 1081
1648722410.45 1009 1 824 1065
1648722410.45 1009 2 1401 1080
1648722410.5 1010 1 825 1056
1648722410.5 1010 2 1401 1080
1648722410.55 1011 1 825 1049
1648722410.55 1011 2 1403 1079
1648722410.6 1012 1 825 1042
1648722410.6 1012 2 1403 1079
1648722410.65 1013 1 826 1036
1648722410.65 1013 2 1403 1079
1648722410.7 1014 1 826 1032
1648722410.7 1014 2 1403 1079
1648722410.75 1015 1 826 1022
1648722410.75 1015 2 1403 1080
1648722410.8 1016 1 825 1013
1648722410.8 1016 2 1404 1079
1648722410.85 1017 1 825 1005
1648722410.85 1017 2 1406 1078
1648722410.9 1018 1 824 999
1648722410.9 1018 2 1405 1079
1648722410.95 1019 1 824 993
1648722410.95 1019 2 1406 1078
1648722411.0 1020 1 824 988
1648722411.0 1020 2 1405 1078
1648722411.05 1021 1 822 1001
1648722411.05 1021 2 1405 1079
1648722411.1 1022 1 822 1012
1648722411.1 1022 2 1406 1079
1648722411.15 1023 1 821 1022
1648722411.15 1023 2 1407 1079
1648722411.2 1024 1 821 1030
1648722411.2 1024 2 1408 1079
1648722411.25 1025 1 821 1038
1648722411.25 1025 2 1407 1079
1648722411.3 1026 1 820 1045
1648722411.3 1026 2 1405 1079
1648722411.35 1027 1 820 1050
1648722411.35 1027 2 1405 1079
1648722411.4 1028 1 820 1055
1648722411.4 1028 2 1406 1079
1648722411.45 1029 1 820 1059
1648722411.45 1029 2 1406 1079
1648722411.5 1030 1 820 1062
1648722411.5 1030 2 1405 1080
1648722411.55 1031 1 820 1064
1648722411.55 1031 2 1404 1080
1648722411.6 1032 1 820 1067
1648722411.6 1032 2 1403 1080
1648722411.65 1033 1 820 1068
1648722411.65 1033 2 1403 1081
1648722411.7 1034 1 820 1070
1648722411.7 1034 2 1402 1081
1648722411.75 1035 1 820 1070
1648722411.75 1035 2 1402 1081
1648722411.8 1036 1 820 1071
1648722411.8 1036 2 1402 1081
1648722411.85 1037 1 820 1071
1648722411.85 1037 2 1402 1081
1648722411.9 1038 1 821 1072
1648722411.9 1038 2 1402 1081
1648722411.95 1039 1 821 1073
1648722411.95 1039 2 1402 1081
1648722412.0 1040 1 820 1073
1648722412.0 1040 2 1402 1081
1648722412.05 1041 1 821 1073
1648722412.05 1041 2 1402 1081
1648722412.1 1042 1 821 1073
1648722412.1 1042 2 1403 1081
1648722412.15 1043 1 821 1073
1648722412.15 1043 2 1403 1081
1648722412.2 1044 1 821 1073
1648722412.2 1044 2 1404 1081
1648722412.25 1045 1 821 1072
1648722412.25 1045 2 1404 1081
1648722412.3 1046 1 822 1072
1648722412.3 1046 2 1404 1081
1648722412.35 1047 1 822 1072
1648722412.35 1047 2 1404 1081
1648722412.4 1048 1 822 1071
1648722412.4 1048 2 1404 1081
1648722412.45 1049 1 822 1071
1648722412.45 1049 2 1404 1081
1648722412.5 1050 1 822 1070
1648722412.5 1050 2 1404 1081
1648722412.55 1051 1 822 1069
1648722412.55 1051 2 1404 1081
1648722412.6 1052 1 822 1069
1648722412.6 1052 2 1404 1081
1648722412.65 1053 1 822 1069
1648722412.65 1053 2 1404 1081
1648722412.7 1054 1 822 1069
1648722412.7 1054 2 1404 1081
1648722412.75 1055 1 822 1069
1648722412.75 1055 2 1403 1081
1648722412.8 1056 1 822 1069
1648722412.8 1056 2 1403 1081
1648722412.85 1057 1 822 1069
1648722412.85 1057 2 1403 1081
1648722412.9 1058 1 822 1069
1648722412.9 1058 2 1402 1081
1648722412.95 1059 1 822 1069
1648722412.95 1059 2 1402 1081
1648722413.0 1060 1 822 1070
1648722413.0 1060 2 1403 1080
1648722413.05 1061 1 822 1070
1648722413.05 1061 2 1402 1081
1648722413.1 1062 1 821 1071
1648722413.1 1062 2 1402 1081
1648722413.15 1063 1 821 1071
1648722413.15 1063 2 1402 1081
1648722413.2 1064 1 821 1072
1648722413.2 1064 2 1402 1081
1648722413.25 1065 1 821 1072
1648722413.25 1065 2 1402 1081
1648722413.3 1066 1 821 1073
1648722413.3 1066 2 1402 1081
1648722413.35 1067 1 821 1074
1648722413.35 1067 2 1402 1081
1648722413.4 1068 1 820 1074
1648722413.4 1068 2 1403 1083
1648722413.45 1069 1 820 1075
1648722413.45 1069 2 1403 1083
1648722413.5 1070 1 821 1065
1648722413.5 1070 2 1403 1083
1648722413.55 1071 1 823 1057
1648722413.55 1071 2 1403 1083
1648722413.6 1072 1 824 1049
1648722413.6 1072 2 1403 1083
1648722413.65 1073 1 824 1042
1648722413.65 1073 2 1403 1083
1648722413.7 1074 1 825 1037
1648722413.7 1074 2 1403 1083
1648722413.75 1075 1 825 1042
1648722413.75 1075 2 1403 1083
1648722413.8 1076 1 824 1047
1648722413.8 1076 2 1403 1083
1648722413.85 1077 1 823 1051
1648722413.85 1077 2 1403 1083
1648722413.9 1078 1 822 1056
1648722413.9 1078 2 1402 1083
1648722413.95 1079 1 822 1060
1648722413.95 1079 2 1402 1083
1648722414.0 1080 1 821 1063
1648722414.0 1080 2 1402 1083
1648722414.05 1081 1 820 1065
1648722414.05 1081 2 1402 1081
1648722414.1 1082 1 819 1067
1648722414.1 1082 2 1402 1081
1648722414.15 1083 1 818 1068
1648722414.15 1083 2 1401 1081
1648722414.2 1084 1 817 1068
1648722414.2 1084 2 1401 1081
1648722414.25 1085 1 817 1069
1648722414.25 1085 2 1401 1081
1648722414.3 1086 1 817 1069
1648722414.3 1086 2 1401 1081
1648722414.35 1087 1 817 1069
1648722414.35 1087 2 1401 1081
1648722414.4 1088 1 817 1069
1648722414.4 1088 2 1401 1081
1648722414.45 1089 1 817 1069
1648722414.45 1089 2 1402 1081
1648722414.5 1090 1 817 1068
1648722414.5 1090 2 1402 1081
1648722414.55 1091 1 817 1068
1648722414.55 1091 2 1403 1079
1648722414.6 1092 1 817 1068
1648722414.6 1092 2 1404 1078
1648722414.65 1093 1 817 1067
1648722414.65 1093 2 1405 1077
1648722414.7 1094 1 817 1067
1648722414.7 1094 2 1406 1076
1648722414.75 1095 1 818 1067
1648722414.75 1095 2 1407 1075
1648722414.8 1096 1 818 1067
1648722414.8 1096 2 1407 1074
1648722414.85 1097 1 818 1067
1648722414.85 1097 2 1407 1074
1648722414.9 1098 1 818 1067
1648722414.9 1098 2 1408 1073
1648722414.95 1099 1 818 1067
1648722414.95 1099 2 1407 1073
1648722415.0 1100 1 817 1066
1648722415.0 1100 2 1406 1074
1648722415.05 1101 1 819 1066
1648722415.05 1101 2 1405 1075
1648722415.1 1102 1 820 1066
1648722415.1 1102 2 1404 1075
1648722415.15 1103 1 822 1066
1648722415.15 1103 2 1403 1075
1648722415.2 1104 1 822 1067
1648722415.2 1104 2 1403 1076
1648722415.25 1105 1 822 1067
1648722415.25 1105 2 1402 1077
1648722415.3 1106 1 823 1067
1648722415.3 1106 2 1402 1077
1648722415.35 1107 1 822 1067
1648722415.35 1107 2 1402 1078
1648722415.4 1108 1 822 1067
1648722415.4 1108 2 1402 1078
1648722415.45 1109 1 822 1068
1648722415.45 1109 2 1402 1079
1648722415.5 1110 1 822 1068
1648722415.5 1110 2 1403 1078
1648722415.55 1111 1 822 1068
1648722415.55 1111 2 1403 1078
1648722415.6 1112 1 823 1060
1648722415.6 1112 2 1403 1079
1648722415.65 1113 1 823 1061
1648722415.65 1113 2 1402 1079
1648722415.7 1114 1 824 1053
1648722415.7 1114 2 1403 1078
1648722415.75 1115 1 823 1055
1648722415.75 1115 2 1403 1078
1648722415.8 1116 1 823 1057
1648722415.8 1116 2 1404 1077
1648722415.85 1117 1 823 1059
1648722415.85 1117 2 1405 1076
1648722415.9 1118 1 822 1061
1648722415.9 1118 2 1404 1077
1648722415.95 1119 1 824 1054
1648722415.95 1119 2 1404 1077
1648722416.0 1120 1 824 1048
1648722416.0 1120 2 1403 1078
1648722416.05 1121 1 824 1037
1648722416.05 1121 2 1403 1078
1648722416.1 1122 1 823 1042
1648722416.1 1122 2 1403 1078
1648722416.15 1123 1 823 1033
1648722416.15 1123 2 1405 1078
1648722416.2 1124 1 823 1024
1648722416.2 1124 2 1406 1077
1648722416.25 1125 1 823 1016
1648722416.25 1125 2 1407 1076
1648722416.3 1126 1 823 1008
1648722416.3 1126 2 1408 1076
1648722416.35 1127 1 823 1003
1648722416.35 1127 2 1409 1075
1648722416.4 1128 1 823 998
1648722416.4 1128 2 1408 1076
1648722416.45 1129 1 823 995
1648722416.45 1129 2 1408 1076
1648722416.5 1130 1 823 991
1648722416.5 1130 2 1407 1076
1648722416.55 1131 1 823 989
1648722416.55 1131 2 1408 1076
1648722416.6 1132 1 823 987
1648722416.6 1132 2 1407 1077
1648722416.65 1133 1 823 986
1648722416.65 1133 2 1406 1077
1648722416.7 1134 1 824 985
1648722416.7 1134 2 1405 1078
1648722416.75 1135 1 824 984
1648722416.75 1135 2 1404 1078
1648722416.8 1136 1 824 983
1648722416.8 1136 2 1404 1078
1648722416.85 1137 1 824 983
1648722416.85 1137 2 1403 1078
1648722416.9 1138 1 824 983
1648722416.9 1138 2 1403 1079
1648722416.95 1139 1 824 983
1648722416.95 1139 2 1404 1078
1648722417.0 1140 1 824 982
1648722417.0 1140 2 1404 1078
1648722417.05 1141 1 824 982
1648722417.05 1141 2 1404 1078
1648722417.1 1142 1 824 981
1648722417.1 1142 2 1405 1077
1648722417.15 1143 1 824 981
1648722417.15 1143 2 1406 1077
1648722417.2 1144 1 824 981
1648722417.2 1144 2 1406 1077
1648722417.25 1145 1 824 981
1648722417.25 1145 2 1406 1076
1648722417.3 1146 1 824 982
1648722417.3 1146 2 1406 1076
1648722417.35 1147 1 824 982
1648722417.35 1147 2 1406 1076
1648722417.4 1148 1 824 982
1648722417.4 1148 2 1406 1076
1648722417.45 1149 1 824 983
1648722417.45 1149 2 1406 1076
1648722417.5 1150 1 824 984
1648722417.5 1150 2 1405 1077
1648722417.55 1151 1 824 984
1648722417.55 1151 2 1405 1077
1648722417.6 1152 1 824 985
1648722417.6 1152 2 1405 1077
1648722417.65 1153 1 824 986
1648722417.65 1153 2 1405 1077
1648722417.7 1154 1 824 986
1648722417.7 1154 2 1406 1077
1648722417.75 1155 1 824 987
1648722417.75 1155 2 1405 1076
1648722417.8 1156 1 824 988
1648722417.8 1156 2 1406 1076
1648722417.85 1157 1 824 988
1648722417.85 1157 2 1406 1076
1648722417.9 1158 1 824 989
1648722417.9 1158 2 1405 1076
1648722417.95 1159 1 824 989
1648722417.95 1159 2 1403 1077
1648722418.0 1160 1 824 990
1648722418.0 1160 2 1402 1077
1648722418.05 1161 1 824 990
1648722418.05 1161 2 1402 1078
1648722418.1 1162 1 824 991
1648722418.1 1162 2 1401 1079
1648722418.15 1163 1 824 991
1648722418.15 1163 2 1401 1079
1648722418.2 1164 1 824 991
1648722418.2 1164 2 1401 1080
1648722418.25 1165 1 824 991
1648722418.25 1165 2 1402 1079
1648722418.3 1166 1 824 990
1648722418.3 1166 2 1404 1078
1648722418.35 1167 1 825 990
1648722418.35 1167 2 1405 1077
1648722418.4 1168 1 825 990
1648722418.4 1168 2 1406 1077
1648722418.45 1169 1 825 990
1648722418.45 1169 2 1407 1076
1648722418.5 1170 1 825 990
1648722418.5 1170 2 1407 1075
1648722418.55 1171 1 825 989
1648722418.55 1171 2 1407 1075
1648722418.6 1172 1 825 989
1648722418.6 1172 2 1407 1074
1648722418.65 1173 1 825 989
1648722418.65 1173 2 1407 1074
1648722418.7 1174 1 825 989
1648722418.7 1174 2 1407 1073
1648722418.75 1175 1 825 988
1648722418.75 1175 2 1407 1073
1648722418.8 1176 1 825 988
1648722418.8 1176 2 1407 1072
1648722418.85 1177 1 825 987
1648722418.85 1177 2 1407 1072
1648722418.9 1178 1 824 987
1648722418.9 1178 2 1407 1072
1648722418.95 1179 1 825 987
1648722418.95 1179 2 1407 1072
1648722419.0 1180 1 825 986
1648722419.0 1180 2 1407 1071
1648722419.05 1181 1 825 993
1648722419.05 1181 2 1407 1073
1648722419.1 1182 1 824 1008
1648722419.1 1182 2 1406 1076
1648722419.15 1183 1 824 1021
1648722419.15 1183 2 1405 1078
1648722419.2 1184 1 823 1019
1648722419.2 1184 2 1404 1079
1648722419.25 1185 1 824 1022
1648722419.25 1185 2 1405 1079
1648722419.3 1186 1 824 1024
1648722419.3 1186 2 1406 1079
1648722419.35 1187 1 825 1026
1648722419.35 1187 2 1406 1080
1648722419.4 1188 1 825 1027
1648722419.4 1188 2 1405 1081
1648722419.45 1189 1 825 1028
1648722419.45 1189 2 1404 1081
1648722419.5 1190 1 825 1030
1648722419.5 1190 2 1404 1083
1648722419.55 1191 1 825 1031
1648722419.55 1191 2 1403 1083
1648722419.6 1192 1 825 1032
1648722419.6 1192 2 1402 1084
1648722419.65 1193 1 825 1033
1648722419.65 1193 2 1402 1084
1648722419.7 1194 1 825 1034
1648722419.7 1194 2 1402 1084
1648722419.75 1195 1 824 1028
1648722419.75 1195 2 1402 1084
1648722419.8 1196 1 825 1029
1648722419.8 1196 2 1402 1083
1648722419.85 1197 1 825 1031
1648722419.85 1197 2 1402 1083
1648722419.9 1198 1 825 1031
1648722419.9 1198 2 1402 1081
1648722419.95 1199 1 825 1032
1648722419.95 1199 2 1402 1081
1648722420.0 1200 1 825 1027
1648722420.0 1200 2 1404 1081
1648722420.05 1201 1 824 1023
1648722420.05 1201 2 1403 1080
1648722420.1 1202 1 824 1019
1648722420.1 1202 2 1402 1080
1648722420.15 1203 1 823 1015
1648722420.15 1203 2 1402 1079
1648722420.2 1204 1 823 1012
1648722420.2 1204 2 1401 1079
1648722420.25 1205 1 823 1008
1648722420.25 1205 2 1401 1079
1648722420.3 1206 1 823 1006
1648722420.3 1206 2 1401 1079
1648722420.35 1207 1 823 1003
1648722420.35 1207 2 1401 1079
1648722420.4 1208 1 823 1001
1648722420.4 1208 2 1400 1079
1648722420.45 1209 1 823 999
1648722420.45 1209 2 1400 1079
1648722420.5 1210 1 824 1003
1648722420.5 1210 2 1401 1080
1648722420.55 1211 1 824 1006
1648722420.55 1211 2 1402 1080
1648722420.6 1212 1 825 1010
1648722420.6 1212 2 1402 1081
1648722420.65 1213 1 825 1012
1648722420.65 1213 2 1402 1081
1648722420.7 1214 1 825 1015
1648722420.7 1214 2 1403 1081
1648722420.75 1215 1 825 1017
1648722420.75 1215 2 1403 1081
1648722420.8 1216 1 825 1014
1648722420.8 1216 2 1403 1083
1648722420.85 1217 1 825 1016
1648722420.85 1217 2 1403 1084
1648722420.9 1218 1 825 1018
1648722420.9 1218 2 1404 1084
1648722420.95 1219 1 825 1015
1648722420.95 1219 2 1404 1084
1648722421.0 1220 1 825 1016
1648722421.0 1220 2 1404 1084
1648722421.05 1221 1 826 1013
1648722421.05 1221 2 1406 1084
1648722421.1 1222 1 825 1010
1648722421.1 1222 2 1408 1084
1648722421.15 1223 1 825 1007
1648722421.15 1223 2 1409 1083
1648722421.2 1224 1 825 1005
1648722421.2 1224 2 1410 1083
1648722421.25 1225 1 825 1002
1648722421.25 1225 2 1410 1081
1648722421.3 1226 1 824 999
1648722421.3 1226 2 1410 1081
1648722421.35 1227 1 824 996
1648722421.35 1227 2 1410 1080
1648722421.4 1228 1 824 994
1648722421.4 1228 2 1409 1080
1648722421.45 1229 1 824 992
1648722421.45 1229 2 1408 1080
1648722421.5 1230 1 824 990
1648722421.5 1230 2 1409 1081
1648722421.55 1231 1 823 989
1648722421.55 1231 2 1411 1084
1648722421.6 1232 1 823 988
1648722421.6 1232 2 1416 1084
1648722421.65 1233 1 824 987
1648722421.65 1233 2 1420 1084
1648722421.7 1234 1 824 987
1648722421.7 1234 2 1434 1080
1648722421.75 1235 1 834 989
1648722421.75 1235 2 1433 1080
1648722421.8 1236 1 842 992
1648722421.8 1236 2 1445 1080
1648722421.85 1237 1 849 996
1648722421.85 1237 2 1454 1080
1648722421.9 1238 1 854 1014
1648722421.9 1238 2 1463 1080
1648722421.95 1239 1 857 1031
1648722421.95 1239 2 1468 1081
1648722422.0 1240 1 849 1046
1648722422.0 1240 2 1473 1085
1648722422.05 1241 1 840 1059
1648722422.05 1241 2 1477 1088
1648722422.1 1242 1 831 1069
1648722422.1 1242 2 1484 1091
1648722422.15 1243 1 822 1077
1648722422.15 1243 2 1489 1091
1648722422.2 1244 1 816 1085
1648722422.2 1244 2 1498 1092
1648722422.25 1245 1 810 1090
1648722422.25 1245 2 1508 1091
1648722422.3 1246 1 808 1098
1648722422.3 1246 2 1516 1090
1648722422.35 1247 1 809 1103
1648722422.35 1247 2 1520 1085
1648722422.4 1248 1 810 1108
1648722422.4 1248 2 1526 1085
1648722422.45 1249 1 814 1110
1648722422.5 1250 1 818 1111
1648722422.55 1251 1 830 1109
1648722422.6 1252 1 842 1105
1648722422.6 1252 2 1508 1064
1648722422.65 1253 1 852 1100
1648722422.65 1253 2 1501 1061
1648722422.7 1254 1 866 1092
1648722422.7 1254 2 1501 1060
1648722422.75 1255 1 873 1081
1648722422.75 1255 2 1524 1053
1648722422.8 1256 1 882 1068
1648722422.8 1256 2 1587 1046
1648722422.85 1257 1 887 1056
1648722422.85 1257 2 1636 1044
1648722422.9 1258 1 891 1044
1648722422.9 1258 2 1676 1041
1648722422.95 1259 1 898 1033
1648722422.95 1259 2 1710 1038
1648722423.0 1260 1 913 1025
1648722423.0 1260 2 1731 1040
1648722423.05 1261 1 925 1017
1648722423.05 1261 2 1745 1040
1648722423.1 1262 1 934 1013
1648722423.1 1262 2 1751 1042
1648722423.15 1263 1 938 1010
1648722423.15 1263 2 1753 1045
1648722423.2 1264 1 960 1009
1648722423.2 1264 2 1752 1047
1648722423.25 1265 1 975 1009
1648722423.25 1265 2 1749 1049
1648722423.3 1266 1 991 1006
1648722423.3 1266 2 1735 1052
1648722423.35 1267 1 1004 1006
1648722423.35 1267 2 1733 1054
1648722423.4 1268 1 1023 1008
1648722423.4 1268 2 1738 1055
1648722423.45 1269 1 1039 1011
1648722423.45 1269 2 1737 1057
1648722423.5 1270 1 1069 1020
1648722423.5 1270 2 1739 1058
1648722423.55 1271 1 1097 1025
1648722423.55 1271 2 1742 1058
1648722423.6 1272 1 1126 1033
1648722423.6 1272 2 1746 1057
1648722423.65 1273 1 1155 1038
1648722423.65 1273 2 1748 1056
1648722423.7 1274 1 1254 1037
1648722423.7 1274 2 1754 1054
1648722423.75 1275 1 1269 1046
1648722423.75 1275 2 1758 1049
1648722423.8 1276 1 1304 1049
1648722423.8 1276 2 1761 1045
1648722423.85 1277 2 1763 1039
1648722423.9 1278 1 1359 1052
1648722423.9 1278 2 1765 1031
1648722423.95 1279 1 1371 1052
1648722423.95 1279 2 1767 1024
1648722424.0 1280 1 1386 1055
1648722424.0 1280 2 1766 1018
1648722424.05 1281 1 1403 1058
1648722424.05 1281 2 1763 1014
1648722424.1 1282 1 1421 1063
1648722424.1 1282 2 1765 1016
1648722424.15 1283 1 1430 1065
1648722424.15 1283 2 1768 1018
1648722424.2 1284 1 1459 1066
1648722424.2 1284 2 1767 1022
1648722424.25 1285 1 1477 1068
1648722424.25 1285 2 1759 1027
1648722424.3 1286 1 1509 1063
1648722424.3 1286 2 1753 1031
1648722424.35 1287 1 1528 1064
1648722424.35 1287 2 1751 1034
1648722424.4 1288 1 1568 1062
1648722424.4 1288 2 1748 1034
1648722424.45 1289 1 1589 1062
1648722424.75 1295 2 1727 1044
1648722424.8 1296 2 1730 1051
1648722424.85 1297 2 1735 1054
1648722424.9 1298 2 1739 1057
1648722424.95 1299 2 1745 1057
1648722425.0 1300 2 1758 1056
1648722425.05 1301 2 1769 1054
1648722425.1 1302 2 1772 1053
1648722425.15 1303 2 1775 1051
1648722425.2 1304 2 1774 1051
1648722425.25 1305 2 1772 1051
1648722425.3 1306 2 1769 1051
1648722425.35 1307 2 1769 1052
1648722425.4 1308 2 1767 1053
1648722425.45 1309 2 1766 1054
1648722425.5 1310 2 1768 1054
1648722425.55 1311 2 1769 1052
1648722425.6 1312 2 1769 1050
1648722425.65 1313 2 1767 1047
1648722425.7 1314 2 1766 1042
1648722425.75 1315 2 1766 1038
1648722425.8 1316 2 1765 1037
1648722482.45 2449 3 1781 1031
1648722482.5 2450 3 1782 1032
1648722482.55 2451 3 1783 1039
1648722482.6 2452 3 1783 1044
1648722482.65 2453 3 1783 1047
1648722482.7 2454 3 1783 1049
1648722482.75 2455 3 1785 1050
1648722482.8 2456 3 1783 1049
1648722482.85 2457 3 1781 1049
1648722482.9 2458 3 1776 1043
1648722482.95 2459 3 1772 1038
1648722483.0 2460 3 1764 1033
1648722483.05 2461 3 1757 1032
1648722483.1 2462 3 1751 1038
1648722483.15 2463 3 1746 1045
1648722483.2 2464 3 1738 1049
1648722483.25 2465 3 1734 1054
1648722483.3 2466 3 1728 1057
1648722483.35 2467 3 1723 1059
1648722483.4 2468 3 1679 1056
1648722483.45 2469 3 1651 1055
1648722483.5 2470 3 1631 1056
1648722483.55 2471 3 1615 1057
1648722483.6 2472 3 1594 1056
1648722483.65 2473 3 1577 1057
1648722485.45 2509 4 1776 1036
1648722485.5 2510 4 1771 1027
1648722485.55 2511 4 1768 1023
1648722485.6 2512 4 1766 1014
1648722485.65 2513 4 1764 1011
1648722485.7 2514 4 1765 1011
1648722485.75 2515 4 1768 1013
1648722485.8 2516 4 1763 1008
1648722485.85 2517 4 1750 1002
1648722485.9 2518 4 1729 995
1648722485.95 2519 4 1716 989
1648722486.0 2520 4 1704 989
1648722486.05 2521 4 1684 989
